1000
0 0 0
0 -3 5
3 -1 0
493 887 77
-435 663 565
-92 874 -670
343 -71 26
622 -855 994
-434 -155 -428
-289 544 786
-637 272 491
220 122 -834
-781 -170 -487
-321 -16 -63
-540 616 94
832 -908 20
-946 816 -272
331 -390 -429
859 126 563
-328 927 488
-825 429 254
141 242 387
227 -954 80
-734 278 229
503 -129 -570
-355 -309 -356
-726 -972 859
334 870 14
940 -81 358
681 -468 632
-128 580 497
-550 -834 -437
-586 330 -912
920 -765 574
961 814 -505
-44 -393 72
41 -36 -393
25 -479 942
-45 951 -63
313 -490 -226
376 -739 -923
407 -105 727
-348 -671 795
-458 4 -537
198 -426 462
930 -7 426
-750 231 -542
-505 -459 -605
461 456 258
85 650 -428
883 481 621
-21 -930 -461
16 863 467
-339 557 870
-453 -605 35
-812 -801 -633
-506 449 495
891 -108 -921
643 -483 306
-336 -700 408
510 -947 -960
-653 840 -536
614 673 -703
-390 -471 -436
-277 178 854
101 640 167
-442 -724 582
-505 -844 -179
985 530 -943
665 922 870
-188 -687 74
871 438 -649
-229 -938 836
608 939 110
122 -895 750
361 -56 -105
889 -544 -50
201 277 704
501 2 -305
-105 -701 924
-421 -510 -510
368 619 -453
-823 -373 950
206 292 235
-163 379 -608
291 495 676
919 -397 -6
590 -320 501
493 -203 -617
290 -683 896
-709 607 268
-922 253 -835
122 -638 133
-51 -699 381
210 -487 965
-73 310 628
-549 471 634
-80 -917 -557
-232 916 26
957 -221 198
740 25 397
619 -945 812
266 113 589
505 -370 429
848 -4 -241
-574 97 -242
-720 -199 341
-41 743 -370
-716 189 -94
914 -819 256
730 691 735
-184 977 -682
349 595 -920
-942 -697 595
-698 264 -483
-252 894 178
-827 -329 -607
260 -147 -432
669 -595 9
-521 597 720
-783 -522 -525
-552 -842 -355
-440 224 -369
-89 33 -879
771 -419 983
-205 57 463
136 -506 837
-72 524 -417
-324 -943 -842
-563 961 -16
-906 -417 855
293 -610 823
268 665 397
922 -458 -806
151 -5 -57
-467 -457 -391
280 -219 483
517 410 248
950 142 60
238 -614 -727
-171 -805 4
731 -996 488
-133 503 -460
581 -599 582
557 205 -946
-808 327 316
889 41 -575
-183 528 -619
-230 406 208
-455 651 773
-761 458 -266
535 -609 387
614 953 842
-224 772 996
-469 -1 904
-859 -988 553
697 827 -910
823 -222 157
-97 445 29
875 -8 -189
426 258 -786
787 454 -969
860 -483 4
581 -320 44
-136 850 572
-907 789 293
-498 865 636
775 -73 -590
424 580 896
110 775 362
-626 289 -652
-664 -647 -492
371 -102 -884
775 285 453
-744 930 961
498 -779 3
80 565 -98
-789 -905 -423
-220 -951 848
-280 -347 -982
-56 148 528
-401 835 -676
-357 -27 804
-720 357 -547
284 -148 363
-145 674 -401
216 -200 -122
-548 -465 434
-836 -754 -446
959 -784 8
-544 -336 243
239 480 -684
-724 -129 56
-930 -243 -880
-881 482 455
-453 -720 537
519 958 912
-562 787 934
-146 -766 -594
356 537 979
-520 263 -924
574 850 530
615 403 910
-244 -701 -166
884 -495 20
-186 -866 954
711 270 -822
532 -884 608
363 -141 -940
-737 924 818
-704 -21 657
-59 559 -124
710 -500 809
16 -426 -286
-313 -588 965
-714 800 -559
-23 85 813
623 958 -454
-701 566 629
895 -142 -622
-363 620 -195
94 -219 83
-476 688 751
-773 -771 318
707 365 294
-214 141 304
507 365 826
-498 836 160
-477 -609 680
-655 -717 2
-4 -342 278
211 -597 -456
-998 618 200
744 -738 450
381 -857 -535
-984 -130 601
-662 723 -741
385 -102 -294
-191 -144 -718
-412 278 -165
884 -818 823
509 -787 907
586 -380 661
-224 396 -632
83 -925 433
-830 431 17
-255 712 -717
-758 -635 138
-13 -781 -241
531 -5 90
-261 325 -370
-681 706 -249
304 709 -389
-25 -852 446
612 749 -79
-463 374 -518
877 958 -686
-878 74 -313
-312 -701 557
-705 172 831
-263 -111 -798
755 -736 900
826 -854 -275
-921 -658 837
-320 -40 723
128 -111 -47
176 971 439
-289 852 -192
655 -281 542
-878 556 -888
561 -350 -478
-774 846 -466
-970 930 641
-216 -908 -61
-821 594 -559
-36 -221 52
450 -978 23
-517 -882 533
180 -957 852
-259 166 -27
-437 981 -481
21 342 292
-548 236 903
-530 282 -20
700 -317 -608
35 152 615
-7 -61 -144
-675 402 -858
844 326 -11
47 789 916
953 -100 753
853 72 901
-119 -323 929
-491 610 -383
346 892 -858
887 -29 862
-224 779 -744
-965 422 -452
236 784 764
-349 -770 -571
-385 931 706
-396 280 -199
-349 760 -923
-48 549 209
-534 425 -295
-565 -33 598
-269 -679 -559
912 -129 456
958 -53 546
-697 -84 -257
-598 -600 -971
628 974 -355
286 -63 149
-224 -70 -121
-218 884 603
-423 -245 -27
-183 226 463
-677 113 887
454 -270 967
-835 674 -138
796 328 992
-38 292 -900
-478 232 536
-15 762 -358
833 -380 -714
-344 -671 -11
-565 659 605
279 845 415
228 378 -588
-646 -444 -388
945 -750 -498
580 479 951
-666 -428 78
264 -670 -37
477 -997 737
-568 -984 -337
-797 240 -570
-138 -306 979
487 -189 -640
796 -459 -377
993 -552 371
-874 573 -357
-91 -539 -662
-431 -558 297
419 -32 91
-69 835 -793
-123 -268 -902
-317 -150 -878
491 -991 782
-212 -14 930
552 763 957
812 559 674
32 -96 793
677 680 811
-36 -815 248
-925 -616 -590
933 -330 177
872 208 799
-879 -167 -719
-109 8 -59
-634 464 734
950 -501 841
661 -158 576
-426 -471 -184
952 -451 147
161 207 -288
-260 -159 691
-164 -445 -708
601 -468 523
-237 232 994
-465 262 929
-545 -657 524
736 942 -484
-846 506 -847
-627 695 441
-859 575 -410
628 848 -622
298 -843 -278
-38 332 944
307 857 -701
542 -709 488
805 933 -743
586 -119 -540
-231 205 -739
-700 274 -363
-40 159 -276
815 -903 5
-658 360 -144
-39 427 -791
-582 427 834
33 -5 -625
490 753 -314
386 -134 -411
540 700 -331
4 -478 -463
881 316 246
-996 -471 851
-831 -30 -899
-182 -251 629
347 925 -44
879 461 437
-326 -513 -370
537 -848 640
488 506 869
699 33 95
701 -661 6
-688 627 252
-644 -547 83
434 492 244
-358 52 -743
704 965 509
512 526 -377
453 40 -845
30 926 466
442 -990 -722
-711 -501 -580
-35 558 -78
-267 -816 274
-857 199 922
-412 822 -311
-829 841 806
-395 -945 -513
-26 916 404
-55 584 -294
98 698 998
-868 774 69
-996 -210 -88
-330 -609 507
-22 -668 -761
42 -864 746
-185 -414 -100
-257 49 603
-297 -605 462
-510 351 -585
793 -745 606
270 688 -506
511 456 -596
-839 -149 975
633 -822 -2
-324 -369 -755
-833 -773 32
57 294 887
295 513 -708
365 -43 6
311 386 -831
777 875 -350
352 418 -42
594 88 -376
-807 467 -853
-181 470 802
-370 -674 -176
825 -931 -337
857 60 -291
491 -941 512
70 -458 -287
-168 537 -773
-365 107 -497
89 334 254
423 -705 -871
-773 464 182
880 -799 669
319 23 986
-633 52 934
580 -95 688
-496 700 734
655 195 259
-798 190 441
947 138 -92
-256 -977 654
222 -361 -342
-820 170 299
250 712 -593
-956 -264 369
755 941 265
-899 -401 -663
-94 725 -108
-414 -105 -707
-330 402 -520
160 -355 -772
188 703 -137
939 194 -751
-667 -403 -457
-773 558 -849
-365 442 -514
674 72 -935
226 -134 -913
-204 -224 -764
444 -324 -611
663 -434 809
392 -691 898
-52 -666 -182
-504 -333 269
-405 294 -319
697 377 -968
275 -69 -803
846 370 448
-833 -9 -187
972 -187 -64
205 -532 386
-769 -909 -473
785 -202 141
640 28 -717
-175 425 -953
466 -372 -199
967 -622 395
-40 431 -159
93 -607 -714
387 439 830
627 -605 124
316 398 -181
618 -580 275
-609 340 496
545 -980 -827
-446 207 -194
3 -981 -480
602 -237 -319
274 -20 513
264 914 150
-216 640 -489
671 257 -539
631 914 643
-363 750 -975
606 -260 46
-567 715 -260
-579 -951 134
625 -807 908
751 -535 988
-116 -366 242
247 605 -731
-848 -236 -553
-97 -292 122
-113 460 383
131 -487 -296
-445 573 765
257 6 -274
-806 810 661
-401 -284 340
-737 -476 -844
686 236 -523
-890 216 110
-549 337 -664
-56 -194 -730
71 -497 -742
-913 117 427
-380 -429 103
-874 580 36
937 -537 -130
-448 -729 -753
-407 656 -775
-209 628 -165
-201 -664 -733
-737 782 94
792 -599 -191
-720 -793 773
-549 242 143
909 958 818
-786 -793 -231
-640 692 273
123 760 -581
140 -636 -895
490 200 -487
-667 652 -423
760 768 -525
-464 485 -255
670 -931 60
-824 -905 124
-344 -593 -59
-184 -118 -570
-245 297 -512
-754 982 567
687 148 -619
-337 924 -263
20 -423 -903
-502 -265 -329
299 -544 -804
716 403 896
-852 230 -976
-593 619 -592
952 -203 -968
-836 22 -142
599 250 -313
37 -948 189
-663 682 191
-449 122 425
-426 559 377
-923 -105 -186
263 282 602
345 -234 -551
623 318 414
-305 -13 8
-426 -404 366
-845 -63 92
-868 -178 291
-316 -623 -860
-575 -11 963
810 -723 -405
452 757 -835
189 -936 -138
-480 934 465
-576 600 31
-709 685 545
778 673 561
355 707 586
157 825 -248
-225 -214 -404
-559 -376 127
135 712 868
-35 457 -499
-309 299 313
884 -358 -408
261 485 586
-499 -42 888
393 178 66
-580 116 -178
-992 315 234
258 494 -911
282 685 691
-92 78 53
-767 685 688
-943 265 -159
774 708 647
-449 362 305
339 -247 451
373 921 -475
281 -433 -101
-690 672 226
828 -486 -499
290 -665 999
-907 256 320
953 -279 -931
620 458 -594
15 -341 663
302 -150 291
-685 103 888
-9 167 535
-60 -568 945
-761 -400 -283
817 403 -953
232 -527 513
-605 -563 -662
124 600 740
-300 154 158
-764 2 -253
-715 -579 -5
-799 -453 -356
-304 449 951
-414 -506 258
204 -717 -205
697 462 935
91 807 746
620 219 -468
353 -926 59
-133 -203 951
-143 696 -685
667 -505 -834
441 -329 -265
312 -722 524
-10 -314 602
660 -104 -539
-609 -536 -111
-519 217 583
300 405 -229
655 -432 -129
-340 493 361
-392 -22 -673
-372 294 337
132 789 -796
-621 968 -612
-240 -902 -641
390 -48 -371
528 -635 427
14 924 -144
378 -159 -300
-403 183 -749
-85 -569 -293
935 -542 -329
75 584 580
675 -373 604
813 135 -660
375 -898 979
561 -640 325
-732 70 -131
119 274 89
190 -479 -742
-17 253 262
291 -539 759
-712 25 677
792 406 -985
-22 -633 -523
367 95 155
755 978 -56
-614 -360 570
-750 -198 350
818 665 -194
-353 -353 -328
-908 -655 -933
-649 -175 -4
239 682 -539
-21 159 105
-481 392 305
-131 -642 915
7 195 -936
49 394 -913
407 774 -837
680 373 -146
-462 -726 21
-366 434 666
-213 -858 -330
-524 -615 457
19 -106 468
-949 791 252
-709 -557 152
-367 -293 175
-27 -348 812
670 -289 -399
-122 566 212
292 -347 704
-552 -346 -364
5 261 444
-344 -905 -511
149 -633 171
-111 -297 28
-883 201 150
-70 -507 -14
855 -700 -229
-750 139 701
206 -140 -201
-833 -999 -344
393 -629 765
-471 786 -885
884 -832 -483
340 -643 316
-399 -665 504
218 -424 -659
-160 -450 -547
512 -621 550
380 201 -141
405 540 -202
344 -14 235
-467 278 765
937 24 -464
-423 965 -645
619 566 537
-63 585 298
-731 -834 -653
169 637 -88
810 -637 198
-857 -506 -499
-746 -90 -181
946 852 -480
878 -807 -23
-230 131 -148
-433 734 -172
-244 598 -539
-362 474 -863
-380 624 -127
-276 -827 -849
-179 151 679
-543 -815 -703
-591 -982 131
240 854 62
260 99 915
753 72 -864
863 -82 881
-580 386 176
-706 -123 -930
91 838 -653
-242 -787 -599
-866 -370 -351
478 -552 245
218 -576 -390
15 -755 989
220 538 672
27 -294 36
-448 -588 635
-547 223 288
355 650 -400
-165 643 -789
-254 553 -280
236 -498 811
-124 119 658
-235 -505 -521
932 974 -111
46 -589 -137
117 495 -455
-79 262 998
270 493 433
-702 676 193
840 -4 351
814 -737 -456
-991 744 -529
872 -219 81
667 982 442
792 902 592
-793 467 533
175 -328 272
-42 416 -398
-110 762 -165
-832 555 905
-5 -805 506
948 367 704
93 -478 549
450 -782 367
130 211 -674
-890 794 -261
391 620 -920
-296 801 -16
-885 -261 929
635 346 854
880 473 577
-512 687 957
-45 -169 -78
802 -997 68
-842 854 620
-19 882 -553
-515 184 -41
-89 -840 -891
254 435 256
-826 -66 743
-871 142 -811
907 -657 -189
-416 908 -340
-965 -650 -790
-835 697 492
698 -675 614
293 -182 -448
601 98 -30
-420 234 343
513 -863 169
-259 -907 -331
618 -439 -666
758 409 -988
-643 835 -658
-454 781 -809
-572 613 683
723 349 -79
-852 163 -223
585 485 806
89 556 -126
-494 826 -661
65 871 568
-500 -288 -860
-727 834 9
74 119 461
469 -255 -91
679 -71 761
-184 582 -329
936 -345 771
341 444 676
206 729 726
380 808 879
492 189 -53
599 -882 -466
121 -264 -61
-405 -238 -266
0 -293 304
-823 -513 -759
447 515 471
-910 366 426
-946 16 -274
-938 292 -93
306 -90 636
-283 222 672
616 688 207
-929 174 -279
476 87 -775
856 605 488
-778 526 986
568 236 968
-529 -985 42
-904 -874 -750
666 -756 -949
-139 600 704
-437 -691 -980
840 722 232
817 -532 -696
-890 119 -442
615 -672 529
564 -1 -569
-205 572 -381
656 428 -837
-844 520 -761
-884 -13 -36
-306 573 329
-866 -2 3
-137 -178 906
-277 -189 -555
912 -657 -150
-553 -810 -635
379 310 784
620 -761 585
123 233 801
562 -187 -929
-503 -783 465
-725 -324 272
-282 -193 391
-353 -263 -291
-263 733 814
-443 447 -380
747 666 -214
792 770 109
-607 278 793
-80 120 715
-843 -313 -84
845 -815 557
143 914 204
-276 377 -322
-814 581 -599
-675 143 -620
-647 -429 962
-530 459 -250
-46 -265 720
-516 621 812
-206 -94 -700
-636 -277 47
-876 623 -59
-614 -544 551
232 -666 297
-514 -704 672
375 -428 961
-846 9 -867
240 -671 877
-170 740 -354
-803 74 670
200 -335 -290
-324 292 853
-444 -747 958
545 602 -127
-456 512 -113
71 241 -427
945 222 740
-36 -199 -166
591 -692 -82
-513 520 -258
-821 952 70
749 184 -578
393 -876 454
802 -96 536
567 828 -129
-94 -136 -854
503 -79 -778
-26 37 965
374 -558 -662
-902 -864 -711
48 219 626
626 -344 -730
-470 -757 938
-65 505 -946
-852 652 -869
105 706 120
-572 -943 174
-593 -144 68
933 -375 931
279 -984 -883
-202 614 -648
-59 -728 -512
-31 -208 -142
161 -290 244
-138 -945 871
-902 115 649
975 777 -445
-739 -904 -913
624 -80 571
-150 -159 -388
987 -843 228
384 -175 -989
-667 -873 -110
-445 -984 336
-667 287 134
-29 345 -457
332 -338 -105
779 251 -884
-706 882 794
-830 610 -845
895 274 260
575 629 -654
281 885 -111
-486 147 728
779 -275 720
-779 557 -373
-949 -456 -173
-780 631 -760
-740 722 -417
4 -910 917
768 -852 536
-986 -439 715
570 -625 483
518 552 451
818 -853 -752
178 -240 912
-597 -439 767
-539 -457 -978
-238 -667 -322
-212 126 346
707 -913 658
-772 -852 -45
900 355 985
-841 -532 322
477 265 41
-143 198 -797
