1000
0 0 0
0 -3 5
3 -1 0
-461 81 -899
87 45 810
-865 586 -79
-965 -2 711
163 -541 396
-863 394 185
-222 -805 -733
696 -60 368
-231 162 -79
764 -209 -898
655 617 -981
-339 -501 736
485 7 -511
-653 293 -867
801 -823 -744
-936 482 636
67 -865 276
945 -404 372
-152 513 814
785 -225 997
-183 102 -348
-634 984 565
712 -658 244
-436 -132 -141
19 5 531
153 -752 843
-103 22 -867
858 709 720
-826 109 -875
-217 13 662
285 -588 130
-122 113 449
-931 22 -82
909 -88 112
-425 762 637
364 637 418
-306 822 197
357 755 65
989 -937 -808
-172 -73 -162
90 536 -410
250 -987 396
345 -677 -741
-733 -437 151
-55 -499 -304
-594 -70 929
678 281 940
-952 -528 490
-351 346 -884
72 -352 213
-271 747 -730
-306 93 -373
6 -889 29
-980 -119 900
908 -29 -392
-537 -548 -825
-537 -598 -839
-21 942 -750
-782 609 -381
-36 192 -853
-794 -448 791
-522 860 -320
864 -803 97
663 -876 743
974 -482 893
951 -193 -944
176 -483 -907
-466 -328 -44
-123 -671 883
848 -527 -13
884 -445 307
-543 492 803
429 -258 -650
321 -688 149
783 588 478
975 -722 -257
-723 -427 -420
388 -11 -243
685 -658 -332
-468 -383 -752
877 -959 -326
598 -904 -562
597 630 668
-120 686 223
-793 -360 -820
-715 -335 -309
744 656 -672
753 -640 -485
-570 541 718
145 -684 65
960 619 -94
-382 -570 -721
-133 -329 -664
760 279 -472
-192 522 -619
242 259 300
-948 -400 748
668 736 126
-961 -927 637
842 -434 -212
-593 247 192
458 940 463
-79 486 58
130 -896 323
-45 520 -682
-309 388 -907
-639 -545 -493
643 997 575
-531 -110 170
91 -497 -798
-512 -806 787
-861 26 -75
943 373 -147
715 -918 434
718 893 346
488 -297 231
-296 -361 285
502 688 -997
-140 -938 625
-883 -238 50
-347 -82 782
-969 155 -573
676 84 143
-367 -496 -741
-966 999 -325
-295 302 -755
897 -586 913
-754 571 -133
322 252 -389
-531 112 -484
44 -678 -663
-425 -822 -199
78 -590 590
759 890 379
12 -978 240
252 73 186
41 357 -771
412 -866 959
882 -251 325
-52 -283 358
808 -777 -715
-179 468 -86
535 -819 562
-414 -992 -574
-8 -864 945
-150 -769 890
159 -395 -257
-731 -61 -133
660 142 989
515 537 702
-85 -340 449
409 -844 -422
-799 71 -678
-309 -834 -67
615 765 -810
-674 731 392
-274 -758 -431
-231 -757 -198
585 -369 390
-530 -893 176
-606 -251 306
578 181 -152
388 -434 458
-862 941 -170
109 791 351
517 591 -929
-559 805 -556
-330 -310 25
-246 650 320
-993 389 517
-955 954 85
-900 -215 676
-957 763 -849
927 856 902
37 955 377
117 430 -862
-864 793 690
-749 165 -618
-391 985 173
705 640 417
653 -140 -79
-791 -563 536
129 -545 693
426 -362 -576
-981 53 866
480 -655 -936
-899 -455 -224
505 985 146
-396 107 443
416 503 -862
-651 -613 -879
676 665 916
311 597 -598
-435 621 -331
-612 670 -364
88 -667 102
1 11 960
255 407 875
-238 -91 -419
155 -347 -67
191 271 -481
75 -277 -596
-120 346 163
817 521 204
-627 179 157
-601 -359 481
-514 -383 178
-213 994 759
751 -962 873
53 -970 -479
14 482 -141
183 811 -770
-557 455 -611
760 73 809
954 -889 920
-337 970 765
-495 -291 -269
-802 986 -437
-747 348 117
-221 266 -576
-816 -155 -248
19 -67 -530
-264 56 550
155 519 -966
29 -910 956
-510 -874 246
972 -317 488
976 -299 248
-191 34 -641
-775 373 416
-535 -240 80
-759 168 -748
-134 656 -366
-344 -294 147
-553 -845 687
-999 980 -231
985 -293 681
-258 -389 -827
-900 -803 -780
508 691 201
928 604 867
-48 -920 -989
407 -630 -537
-105 455 851
252 -757 -380
271 -266 -242
-401 -895 -648
-505 -898 252
996 -487 313
-283 -76 -857
527 839 481
880 -273 -609
-572 990 -708
906 922 423
-421 789 696
490 -621 798
51 -978 -841
-319 300 -302
283 576 141
-852 -776 382
-934 -828 -414
-610 404 -879
128 593 -989
-180 -889 491
-569 -706 -768
-272 559 -806
-987 -509 -183
860 -736 -508
766 270 -399
732 -871 -669
-100 -344 116
52 509 -39
-561 -792 334
-354 135 -679
332 753 -830
-822 -659 -657
-32 321 -685
-139 -8 600
345 442 -303
100 29 -819
-507 -698 -873
348 700 -636
-183 -789 861
556 -365 -521
988 953 -962
-27 754 884
-252 688 -321
588 -51 933
865 -255 436
-534 168 -933
-890 580 844
-347 -97 -447
885 225 -638
143 -405 -417
-635 884 67
-389 696 -686
531 -172 -349
-207 83 950
-529 111 -166
504 -581 -971
440 -869 -51
-415 -445 -720
-173 -955 -50
-686 26 -390
765 891 316
-614 153 -433
882 959 378
578 515 779
-374 -693 -8
76 344 -960
105 -71 -882
-148 -604 -892
132 184 193
-815 -903 -935
-275 -483 -202
20 -433 -772
77 -289 965
-712 139 -930
-718 -756 835
36 -66 -534
834 388 109
757 326 -308
585 -553 973
471 -740 -755
128 -588 519
639 92 134
101 -192 159
962 253 -167
-253 123 -647
-570 -593 381
686 668 -308
-356 -135 -717
-17 -477 -620
272 466 -524
364 761 398
6 -350 -176
783 497 62
463 432 696
-347 155 -91
976 790 865
-77 -89 79
754 -23 462
708 584 -552
860 -522 705
421 120 -957
185 -939 -225
61 705 439
95 774 722
827 -821 -126
-244 391 996
-132 44 -845
491 -991 -974
-563 -489 -693
-551 34 647
-62 536 495
606 -367 -602
369 49 -38
-626 -223 -333
-8 414 -71
135 -699 -564
-813 204 83
474 -858 737
454 134 -928
-422 -483 450
475 -792 126
473 -560 -201
943 -883 424
-487 -2 15
-32 -565 946
203 632 598
174 413 -966
-621 -190 -5
105 411 467
-603 -711 -925
215 -551 533
-388 492 537
384 -631 567
623 -633 -385
366 513 -746
-78 -761 -7
496 -270 84
-301 -304 306
609 -878 -487
-121 -510 673
-737 202 -485
399 -269 -913
-850 -201 340
-643 -540 -569
-594 394 719
558 -889 -582
832 441 984
-967 190 699
-204 -272 49
222 -365 883
182 -115 -490
-592 387 2
-845 -744 -795
951 125 958
-813 937 -650
915 -167 996
357 -245 -886
-532 454 -638
-223 -414 -695
538 646 -739
-720 849 -716
567 983 -307
304 -664 -315
277 -843 -235
-831 986 -731
-732 522 434
-176 743 155
-346 -726 -688
-847 696 378
125 -328 -781
245 -616 746
21 -695 60
-152 -965 -28
-687 533 618
-63 888 507
-52 -452 967
-663 112 -983
-62 155 707
-75 -540 184
932 -798 -744
-410 -89 -215
256 -647 -189
565 -216 -570
573 -891 664
43 -38 -458
-329 273 739
-316 -169 -524
-210 708 877
740 -361 -511
-712 683 438
703 68 397
-528 -670 121
-270 197 -917
-562 -822 -771
-609 -115 278
-979 578 -926
-124 32 -204
117 -193 489
-496 931 29
-31 -626 614
225 -546 917
656 -477 -847
102 -309 715
-811 996 -756
-795 90 307
-125 -243 -74
-256 -109 896
966 -485 580
826 -595 -57
993 930 461
-370 872 -541
-504 291 -806
-355 434 -742
-617 -530 -376
314 -33 -736
537 -537 -311
950 736 395
-128 388 -796
-11 -30 -263
143 135 -449
-32 -414 -52
-838 580 -623
-812 349 0
18 -974 -116
612 -7 -520
613 880 313
872 355 -796
-231 962 -301
-807 -335 -721
-952 -487 422
850 -637 719
377 352 231
-78 9 993
-65 -976 562
359 720 -950
-966 -365 -268
-671 -254 -878
693 226 781
-294 34 339
-927 368 307
-538 480 42
568 -74 301
548 -509 -460
538 62 -470
527 -851 453
-119 -316 294
-905 887 -22
-571 -477 49
-225 -798 64
-501 793 486
191 -666 423
889 5 -636
617 111 637
193 627 378
350 -653 752
-850 578 -483
641 554 -726
714 383 -312
-630 -985 375
-346 -908 493
-111 -863 -874
-118 -714 962
-963 518 -973
-580 -739 -261
-244 -534 -187
444 -465 -937
343 875 589
-716 -251 -201
67 -283 268
-695 -793 789
495 -652 -715
-929 -221 -512
79 -447 596
969 816 -715
687 42 -740
191 679 -267
729 -951 -110
-297 174 -604
551 576 731
-452 -971 747
-45 435 476
-714 -816 78
-760 498 -903
-16 387 809
-540 274 443
425 -829 -52
369 30 887
706 -941 766
640 -670 -78
-243 -407 692
-884 824 -571
755 645 -437
576 109 -760
-281 762 951
-804 32 -350
340 298 455
-534 -887 -727
-672 -901 -216
299 -898 279
248 -227 -167
32 -247 -284
-496 96 -785
571 74 -280
-182 511 503
-326 952 -933
-422 -989 5
784 -618 63
114 973 857
129 868 -573
192 -832 444
-61 350 368
-681 191 188
-960 225 -734
637 385 256
881 508 -480
167 -123 -242
298 432 -923
402 141 597
-718 -182 -598
-715 439 -895
-76 -610 -959
-328 -413 -59
16 -535 -526
609 -134 -401
-945 765 -674
-151 -854 -243
-489 680 933
-133 -10 391
-914 999 -995
325 261 -442
-373 -793 -257
87 -865 231
656 28 -756
787 549 265
107 264 -841
499 794 -717
-4 -31 -579
887 437 -185
228 -507 -609
-471 -359 -701
-446 -753 -242
147 -914 -557
-385 778 214
-26 696 -587
824 -837 -385
816 -317 785
-513 794 -187
788 -903 -512
-990 307 -393
-845 -24 -320
862 647 212
187 291 31
-832 -950 206
84 -333 -876
498 328 388
940 20 117
321 742 317
-226 -139 -488
-690 573 456
232 709 833
142 657 -987
218 927 560
654 956 -452
-432 -943 14
-491 -309 584
-536 650 178
877 -895 299
-344 302 -768
781 498 -49
735 369 295
-121 -228 -143
-552 -520 -141
-287 -915 180
-910 998 -308
853 844 -838
-431 663 -376
990 611 -340
-688 -545 120
847 843 -927
62 79 750
-386 423 -66
370 417 -405
-319 -492 -116
-95 739 716
-748 -342 -211
561 -266 983
-387 146 -109
-991 732 377
-306 -164 456
280 -833 -639
-980 -601 114
890 -788 242
684 937 860
66 -487 69
51 -865 -202
-871 831 595
30 -14 -989
-427 134 451
-796 710 -901
-442 159 -790
-82 -844 476
-800 -95 -47
245 17 -50
479 -962 377
-406 -285 -345
-795 -50 -310
-478 -203 622
720 726 -670
167 631 -131
-931 540 571
908 956 466
-28 -614 725
-439 -632 385
337 -792 -179
816 -74 -623
-862 467 710
-740 55 -129
-96 -646 -758
575 110 869
-63 -647 -376
717 324 803
899 -686 64
-924 -607 -423
-706 97 -784
-46 -14 -940
-460 -206 472
747 -253 -685
-161 725 966
-368 420 -261
-976 -758 159
-66 249 -439
-151 963 -671
-799 891 454
-329 -964 -647
342 226 -796
313 -238 -750
253 -434 475
-654 -723 -486
-207 -663 -911
555 578 313
742 51 -251
-426 -922 33
-601 879 729
-569 945 -949
621 -500 -384
178 -885 589
512 -362 -290
340 -305 -594
-338 212 -603
-577 832 432
969 588 -594
-712 448 429
692 -364 -471
-133 -407 113
647 -243 -423
-528 -877 121
-392 -746 627
167 205 -641
-836 9 -116
763 -614 700
-799 -277 620
-808 109 94
-778 102 969
-647 -514 -964
959 842 -109
869 760 -773
330 -619 104
-158 -400 -69
663 445 -599
-829 189 768
-388 27 -117
-128 -847 -72
623 -329 -953
-839 204 -758
256 -357 -824
-718 -266 -914
472 -742 -897
378 719 -158
-343 86 -626
216 510 791
593 704 716
423 -6 922
-318 -470 -302
779 496 -886
381 -524 832
-8 -48 857
-636 -174 -279
-949 925 648
170 995 969
-499 -844 -432
9 -702 -167
900 943 -35
481 561 241
-850 -239 -47
220 56 -580
43 429 150
-451 -848 588
405 792 -742
408 -46 -86
675 556 997
-813 103 783
-949 967 -450
-844 -328 -215
-857 -333 27
-605 -874 -686
999 701 645
24 405 -109
-680 471 49
-686 -493 886
444 234 -871
-945 -795 -903
-860 -238 -912
867 860 109
430 -348 311
-991 39 697
-291 -19 766
456 -769 -663
-659 586 775
92 600 -906
159 -894 275
503 -397 280
538 -17 -435
-359 -424 -78
877 748 -448
225 -529 -358
-735 -552 405
-258 432 458
851 38 668
517 -741 455
112 -963 -483
912 134 -734
655 729 -160
170 887 317
837 -838 -721
-138 709 486
-7 -910 401
-300 542 -435
456 -536 -365
595 968 47
-223 593 -712
-30 -858 206
762 338 157
-941 117 452
437 344 818
984 -793 -717
701 455 89
-28 -56 -709
-638 -690 998
253 -204 559
-818 756 -50
-137 201 441
-411 -476 760
752 468 527
551 -362 156
87 -74 696
-519 -635 72
302 435 410
-239 -665 -890
739 -373 274
-908 -273 -318
-793 -862 850
563 -876 -693
-746 571 166
-137 316 -882
134 -647 -563
503 -716 234
-853 -113 925
-344 556 -238
-685 -511 -57
-307 724 -654
698 700 919
911 395 425
663 -800 -13
-791 -872 783
383 504 -950
-94 123 -781
-855 -319 -980
-233 753 -609
-300 657 -932
826 503 -899
417 -612 132
574 -236 -734
58 480 332
-569 753 438
-905 64 796
314 -790 -41
912 298 -130
816 -830 -23
518 -188 -258
-550 -126 879
807 -206 268
912 722 -882
779 -482 -195
593 263 219
693 324 -919
179 -838 -992
746 -304 -218
-845 675 157
763 -261 -94
201 -99 147
-535 430 -63
-757 -997 -135
419 -433 919
801 596 309
-136 144 -702
64 129 -407
-944 -331 -320
-864 785 578
-290 -50 -803
-773 594 507
-574 -901 -289
863 -465 -26
-85 918 119
-735 590 -663
748 361 974
263 -398 -635
21 445 575
-485 377 -845
-251 694 -153
408 -281 -320
904 286 -698
-121 -977 -891
-908 -426 -746
-718 -411 524
-650 -134 960
245 956 251
518 -175 405
428 211 -479
-933 264 -870
699 825 293
-152 327 -44
-208 -603 479
-822 735 -614
-803 336 518
-373 648 198
-154 993 923
576 -467 -629
-163 -464 255
599 -363 279
794 -574 -222
503 744 -492
-69 0 -881
451 -131 -398
497 -719 -960
-881 -440 926
872 -625 -34
298 -747 885
-555 291 225
-909 917 -398
0 667 -220
-703 839 -755
-357 -63 -126
811 62 -280
466 772 125
632 -301 -122
51 -317 45
-592 -767 377
118 970 433
-660 878 -255
321 -218 -926
69 -574 421
818 -114 -306
-645 492 -173
617 -83 895
-76 -274 562
-169 877 -77
-594 -904 -747
881 -170 -849
-765 137 -361
-816 -545 481
-232 765 -997
624 -518 -42
-225 984 600
-923 992 -851
419 -924 443
540 473 -48
-564 -905 -674
-692 -395 78
598 -474 -388
981 943 190
444 -114 -140
-699 -168 -112
-861 151 -999
-430 274 -854
527 264 938
372 796 -31
-507 -591 932
329 -242 -249
-174 -736 -36
864 186 934
-148 903 -436
-357 886 -817
205 992 610
-19 -147 -232
-872 -974 -328
570 -318 -764
11 315 -58
190 713 -943
694 460 277
341 736 -472
585 524 -62
915 -803 -789
828 755 34
301 -811 -920
387 716 -289
-977 337 23
-568 -969 -414
-286 -876 -854
708 -17 472
-612 577 647
974 -965 -390
507 -526 64
975 739 -604
727 -169 739
-601 -733 957
924 797 598
828 274 -330
-277 40 -249
477 479 -338
841 -58 -108
-229 -700 429
-341 137 292
-807 79 87
-354 561 -832
-398 -725 594
530 -694 801
-114 -574 -76
-994 612 -368
730 -63 -834
115 -236 -132
46 858 -944
-760 -262 431
-113 -821 -460
529 608 0
146 -68 -120
-570 -362 -322
-450 -413 686
-234 160 -316
-886 673 -88
107 427 -266
-525 109 -2
-173 382 419
255 -728 -724
-425 713 -779
-726 897 -556
-409 -80 -318
5 -422 -331
785 797 -715
-835 600 924
911 112 -31
-735 545 -362
-453 151 -993
92 519 -878
