1000
0 0 0
0 -3 5
3 -1 0
-274 439 -485
-968 281 520
408 -601 210
-581 -624 407
523 45 -942
-919 391 -698
-351 -578 -217
-325 -543 533
-636 -289 923
427 -356 -965
443 -705 423
747 -120 6
824 724 -716
-784 578 -873
422 246 -3
740 859 -407
881 634 239
-852 -159 202
-171 481 631
-979 -34 -10
286 -344 634
-479 695 443
305 1 551
-870 944 758
793 752 -105
-119 -639 148
-100 847 -92
112 577 -945
879 741 888
172 -184 -607
-682 -152 161
169 574 -105
127 822 -188
-889 -48 285
130 265 -879
-545 924 17
31 -479 671
-876 546 -213
576 -417 0
215 951 865
-873 -363 -444
-405 323 -729
-227 2 -162
-909 491 710
-167 494 -358
-656 -487 772
-782 828 -199
-712 -747 -414
719 480 -401
-794 -215 -63
-765 61 679
-600 -323 -939
54 136 -376
693 113 -237
380 307 562
-428 -854 -829
-392 203 -687
-681 -834 338
-575 299 319
-772 -995 536
730 393 197
550 975 -872
781 872 527
976 -968 689
-21 -269 -767
690 -452 -207
-193 220 -33
474 383 -806
-141 260 313
684 -659 -682
447 -862 -577
-765 120 169
-54 -438 -105
419 -919 914
808 -964 0
-940 999 -790
-945 147 717
650 269 320
-30 222 936
983 -944 -264
-395 909 -464
-9 -325 482
-782 -523 289
-219 350 -908
794 -308 355
561 809 761
834 -403 260
-231 -918 947
515 781 727
-425 232 344
840 733 -289
-926 -822 971
752 -145 843
58 974 -182
634 -242 583
674 294 968
-236 -742 -657
-697 -179 -646
-173 -552 -685
561 -848 -237
790 372 457
909 243 -259
-285 -67 -158
170 197 979
-804 753 -199
-688 -645 -171
891 -938 -825
-769 -847 49
174 363 -778
-735 562 724
931 158 840
-283 579 251
183 765 811
453 419 -85
214 150 -248
776 263 -406
-699 -547 624
-665 -921 665
-685 -775 570
244 -431 -799
-146 -985 777
473 246 133
-44 -274 369
197 761 615
211 -18 253
627 -825 -739
-917 -336 -475
-941 408 486
450 -144 -139
-873 -135 -4
-815 -322 -207
-944 78 502
940 -182 -771
-736 554 -597
821 761 361
334 -382 50
998 -197 -138
360 805 -109
298 2 108
-506 687 152
982 655 -713
-327 154 580
-640 -907 -845
849 783 873
-896 949 -420
978 -954 969
678 -78 694
-109 -226 851
-701 303 -566
-497 -28 -223
836 279 -199
585 350 -857
-775 -314 -558
-267 -685 441
-607 480 216
-750 346 -427
514 444 827
226 -68 -254
-344 435 490
873 655 512
-136 304 -736
-240 -298 -840
764 -798 160
-872 568 375
386 -282 -657
833 -880 -359
818 837 750
411 -331 -745
-258 663 -250
-320 -762 844
473 -82 431
-492 860 -697
-648 145 831
395 654 323
-531 -737 286
-137 420 423
-393 -896 -67
874 558 297
781 379 806
-513 -36 642
662 90 -769
-331 906 426
-456 -106 710
-103 -350 -969
-142 568 -188
-509 393 -240
148 -252 650
-362 908 827
-344 -337 -383
-836 -412 675
226 -724 -841
-965 136 272
903 -19 -706
917 496 -225
597 861 -246
192 -102 -79
-745 -137 787
193 500 902
457 488 -497
-88 -925 732
152 -745 142
-972 45 510
-167 0 412
-97 45 -508
-204 470 -83
-206 -540 112
410 778 700
-468 344 29
-928 -373 -213
922 -709 -57
431 -363 -844
960 937 485
-245 726 691
-853 876 836
748 -258 499
401 356 -576
274 501 299
248 -836 532
180 -916 47
863 511 -941
203 919 844
207 -720 -329
-936 490 -219
-226 755 180
-265 -867 743
-96 -667 961
-553 856 421
441 550 198
59 43 -451
100 623 -407
-796 -643 267
-750 717 386
-239 441 -87
805 -160 446
-258 794 933
594 -784 -489
975 -746 298
-193 -670 -363
364 -988 -757
-564 913 936
-821 -358 315
-318 -769 -33
-522 76 782
799 -435 -906
14 878 944
-75 -584 883
-566 639 -539
632 873 -293
-593 -506 -823
-734 -751 335
-61 -974 568
-691 -947 -121
956 67 107
-171 950 126
-990 517 -557
-878 -384 14
-734 -236 772
370 168 -231
609 703 -208
959 -758 -702
-14 -868 772
145 943 -349
635 -315 270
834 -651 -305
-323 58 702
532 -231 -172
-865 838 -659
-630 -398 -170
739 -498 -727
-696 -10 -216
-2 52 -939
-957 -281 -345
230 589 381
-873 933 -960
-567 28 -288
185 -59 484
676 789 -776
-793 -381 831
-593 900 132
-851 659 -501
150 -238 -615
434 219 659
371 -357 724
578 927 801
684 -711 698
-790 800 -450
-357 -879 -544
158 -146 -614
-909 -515 -213
-52 -515 -778
717 152 -518
-791 -427 684
-273 71 -211
482 -725 50
354 -453 286
923 -882 -111
-69 -123 -524
-258 -483 -806
-781 -955 736
127 8 25
886 444 -22
-302 917 -551
-322 -852 -625
303 -77 997
898 -638 -882
574 395 326
917 -310 842
-257 -179 -347
-22 512 -843
-712 -409 -894
305 853 539
981 42 -733
909 -767 488
-379 481 458
24 -831 484
-118 829 -948
-516 -675 -64
-863 700 166
558 640 -809
-3 -726 103
571 -227 -744
407 196 -387
229 775 72
-731 42 492
801 842 911
689 -634 -399
277 883 942
-909 559 -906
-520 -223 -754
-133 -474 -121
-920 693 -5
797 264 -885
-988 -832 162
-14 291 -53
-898 -230 -354
-41 280 -796
392 -692 587
600 -418 87
-713 883 -937
756 317 383
-841 -813 703
-367 519 956
88 -916 935
793 795 776
-31 -645 -814
770 171 -60
800 582 -422
-225 850 -299
718 -780 583
-155 -184 -385
-729 765 -175
-342 -97 1
30 -320 -858
-756 -629 -256
-803 85 92
-386 -388 925
-149 535 297
674 148 22
-777 844 -456
-6 -107 553
17 670 -271
-187 -752 -229
-164 -624 556
960 712 890
-147 419 -999
-762 -773 422
164 664 -390
911 506 515
-497 433 -819
-244 615 962
-145 -958 73
246 218 -871
-188 377 808
-440 188 921
790 -789 714
-600 -441 994
415 -797 727
-851 668 -239
-723 673 1
-545 -601 288
-672 173 -378
667 -595 -877
271 -781 207
-167 -170 551
-768 523 -246
-666 -356 -898
608 -802 644
552 -912 -619
-776 -372 37
754 -175 -959
-870 534 554
955 648 -523
-544 413 144
44 513 196
134 774 554
-667 764 -175
812 -750 190
-982 176 -563
-789 -462 -385
954 -889 949
-307 380 -171
-233 80 839
351 -589 -664
673 -81 -40
682 678 -733
-751 -476 877
-11 788 758
835 -947 329
308 -473 -598
91 -575 -183
-658 771 553
-303 -395 638
-694 880 -146
-163 -477 993
807 796 -724
-463 -906 -127
-703 833 -647
773 885 -974
-883 612 -510
-632 -815 455
906 -299 401
-25 -945 185
636 -600 431
-677 -350 -451
940 459 -333
129 -37 -625
-965 -421 -437
230 616 458
-38 857 -334
-476 243 -946
-692 149 -179
284 528 102
-697 -669 -656
241 844 -518
-35 -787 542
-78 -757 -221
-635 -829 449
654 118 525
953 516 -646
202 -766 -706
904 682 71
-325 303 270
871 -656 574
869 618 17
-41 732 716
295 213 -111
899 -113 593
-173 -87 -844
-619 -211 688
-825 -98 -640
651 741 109
603 -832 745
864 -694 516
165 914 -847
512 -901 -535
616 839 -757
848 -468 470
-315 526 96
166 -189 -326
941 -173 674
-716 109 -10
977 -743 -846
-514 426 -257
729 -113 395
-705 411 -450
-613 961 556
636 -501 -369
411 -930 968
398 970 -801
510 -904 -634
593 -998 -858
-327 242 -382
893 -387 -850
-603 80 902
-629 207 -834
557 118 742
-510 -475 -502
-582 -463 -134
-608 -680 -345
282 705 651
-310 105 879
-780 153 -577
4 -339 930
773 120 -294
-147 -311 -489
659 -621 914
209 384 -274
308 898 45
686 -746 -959
-728 138 -145
766 563 -973
-605 334 -369
-580 -969 741
-554 428 301
-210 104 -591
-503 -75 -227
-333 110 -918
-53 96 325
-147 -669 -479
-601 -206 -441
204 -980 -202
609 -731 -682
192 818 57
535 -326 -204
171 -60 -414
-527 529 676
543 787 -510
-126 82 352
530 766 -528
412 -354 -716
892 572 -647
-312 920 -694
207 -581 687
-442 -739 810
898 -699 -450
-518 -457 -861
164 131 333
646 677 891
949 802 -153
96 116 -95
886 -163 -554
-300 -360 419
-86 479 -201
688 914 764
934 589 598
-504 -620 -164
651 -948 -997
-117 623 -467
-920 -162 -803
995 -607 -771
-818 -600 -259
-723 866 843
-20 21 642
-129 0 -163
933 -305 208
-101 -601 922
-462 -349 -749
-712 -276 -170
530 -912 171
328 -671 -760
-813 -676 -83
431 -965 599
-431 -61 -993
116 -974 -912
882 -958 314
262 845 988
-78 -542 387
-728 -279 845
570 661 -266
963 664 491
640 -199 -173
-486 -161 308
-50 -342 287
391 -756 914
-250 -499 175
644 -261 22
-174 668 -594
275 -139 -799
-262 -11 -781
436 -66 116
952 -832 566
549 290 684
-271 -405 -579
416 -615 476
815 283 62
-455 -923 -995
20 -965 468
350 -413 -48
931 -45 -307
-228 941 -760
750 426 56
-527 206 -173
214 44 582
824 269 949
313 335 -133
289 -164 168
631 -131 -184
378 468 171
821 977 -537
150 -67 -71
-974 -34 -45
740 -185 -503
-146 -884 982
379 -892 -297
-141 562 609
124 931 675
-745 455 593
-720 -542 -562
-302 -784 37
-293 -446 363
931 808 354
129 -26 951
777 79 -834
540 -430 -244
-521 -310 699
-546 -993 -495
-297 226 -493
812 -79 65
-808 766 -218
-700 -905 -873
-27 -710 21
-669 -547 -563
-880 923 -587
-692 523 -305
-309 -219 -480
-354 530 517
-468 -277 670
-425 828 140
-609 531 -908
-493 334 -63
-14 -63 -217
256 462 -669
417 -480 583
776 961 -372
605 148 -837
-353 -422 133
774 -812 -633
798 683 759
917 -464 -115
-382 244 -990
-372 450 110
49 835 -199
61 -814 -651
-687 -885 -175
-712 -304 -478
-959 76 424
-670 98 260
-941 -358 -59
416 310 -340
603 153 58
-356 808 214
-637 -819 -910
-999 -859 627
645 -872 -735
-484 -529 -795
971 -669 273
985 47 328
618 189 798
-299 -198 -730
-671 -459 847
-819 -35 277
-580 234 526
-318 -39 776
17 -393 155
554 926 173
-625 6 582
-137 55 738
-402 969 -750
-91 -594 314
497 -635 487
-930 -287 900
-60 426 -741
717 -710 -820
757 -142 -811
-378 -952 701
-74 220 -108
-147 -674 566
210 571 -970
-687 667 -727
864 218 -531
-244 201 227
9 450 949
-805 330 -556
743 -670 239
230 -809 -882
62 793 -67
-592 807 -912
172 572 -506
896 334 -230
-502 564 -946
-889 452 919
-30 356 -573
63 -390 -84
632 -983 724
286 -376 303
339 881 -858
-306 -801 -112
-2 966 -763
-130 -689 495
-520 -363 976
952 -877 -251
621 -220 924
729 -706 2
-763 -545 420
-934 139 807
-590 -392 -239
80 519 892
-537 -169 69
547 202 -306
-64 -531 -166
-797 48 -336
-460 150 364
-669 212 -296
-185 27 -646
-492 -667 391
571 145 382
834 168 -824
816 -259 -17
139 226 250
536 9 122
906 149 -170
-278 -600 -215
930 476 -97
845 324 299
-739 91 980
22 -508 -369
-371 168 831
761 493 882
-805 -27 -644
790 -215 -418
-333 -5 -384
639 -879 -925
-368 198 787
-233 24 920
767 -467 268
-855 -915 997
-367 501 -287
536 427 -157
729 295 78
-881 19 -536
-381 -343 786
-83 -57 -154
920 865 -60
472 525 590
-991 -644 -320
637 238 130
-380 -749 757
-343 -496 333
-961 -617 227
-211 352 -685
937 -66 -18
82 689 731
-904 325 -280
899 -232 829
-612 -790 433
706 919 -998
378 -390 -381
-322 -662 768
-962 -231 -946
988 977 -851
775 -812 732
815 -237 -289
-949 866 -645
159 262 209
-631 427 359
538 -724 -746
-349 182 925
860 47 -773
-872 -935 -811
-623 50 -174
-488 779 427
-363 805 -936
-68 359 -815
-389 360 -800
-132 -305 950
-291 221 -520
-168 -536 -287
-139 102 -585
540 -307 938
-796 630 25
-897 -566 -502
471 -950 705
954 129 -840
764 213 927
-552 -162 841
-817 616 975
-415 -553 243
-611 -19 204
985 694 -337
523 -810 -121
-810 -410 459
757 -950 336
-560 -870 730
-857 -571 265
-488 -25 -643
713 -636 -152
210 -51 -466
322 518 352
824 309 -302
544 834 -115
737 -752 -530
557 8 -803
478 -840 648
-155 -512 87
20 -749 79
-847 -378 -697
-537 438 -584
-172 417 -563
352 921 925
-555 -107 971
-203 -913 493
991 672 -857
70 -993 -490
882 -689 716
497 -749 865
407 747 278
-55 -495 -989
884 -543 830
631 909 191
962 845 498
-413 -466 550
-509 732 541
-59 907 -662
-895 364 162
-227 -107 -713
-248 -294 18
102 -516 -878
99 -149 -627
332 -870 -364
-981 -299 -395
-552 -553 362
-246 -687 811
-478 719 -565
-454 -320 -402
713 -409 -501
722 171 -251
263 454 -491
-366 497 528
-419 -561 736
-838 -891 -835
802 964 908
765 122 -83
-305 -762 -425
-413 205 -262
-758 -703 -898
786 826 773
44 -768 370
-213 -615 -159
-213 -979 -326
200 -660 -755
116 566 -766
701 -481 24
53 -798 -818
-936 23 -274
701 -448 711
417 452 848
-476 -108 324
-959 539 -217
-280 917 -888
-750 454 685
374 998 21
808 -693 834
944 305 -97
176 713 590
50 209 321
-154 524 904
780 -43 132
578 450 -385
270 457 433
616 173 558
388 672 816
-254 488 935
426 107 -855
-609 535 -575
501 -367 -927
-565 500 234
-750 812 993
220 -864 -759
-136 874 -14
790 -559 292
486 249 -839
38 50 -296
574 207 422
-449 255 -929
-675 -180 -300
419 -138 -69
565 129 752
-763 -509 41
109 121 -41
-789 860 947
-131 603 -412
-511 -854 25
394 43 513
827 553 388
-5 -201 -235
-102 104 963
-382 -422 -41
442 118 449
987 -116 547
145 -897 763
686 -305 -874
617 309 716
363 -577 -542
-686 163 -799
517 -759 905
762 613 -383
-324 866 975
596 -108 327
327 -736 -322
-416 454 -851
-223 -915 -112
425 6 -221
-87 -335 404
650 -636 -964
-510 321 173
-61 -577 -723
-612 -971 828
686 -58 -52
832 -396 398
-391 -593 757
-797 703 70
184 512 -465
-451 -660 917
-342 735 265
764 720 310
-693 -908 264
324 -320 -885
-817 794 779
-165 -876 -503
-681 428 -650
-35 -337 -132
-432 -747 -740
524 61 -700
-492 -50 906
90 -589 -875
654 417 499
816 -7 -659
-561 796 -614
-66 85 -786
-726 -366 -546
-321 231 503
853 505 954
-596 202 -41
872 646 357
-153 -186 -684
174 -887 -326
-747 878 793
-618 239 -453
462 -338 831
-697 -574 -629
-649 -900 -584
-59 -430 494
-59 136 -743
723 -815 -685
-824 -671 -670
659 887 -456
-757 -602 836
458 -269 -895
-203 -250 375
-193 -522 817
-82 567 850
396 -944 460
871 -60 18
705 818 967
-806 181 300
695 -899 668
-884 904 -848
-135 -617 502
-404 931 999
308 8 2
-943 689 277
514 -730 -684
-510 250 943
354 936 250
-205 -836 625
167 172 532
612 24 -256
-247 946 -755
-434 739 967
-796 -974 -282
792 803 967
35 954 542
611 738 -293
994 617 -537
-165 -478 964
-27 -804 582
-835 257 -507
-375 939 -187
144 -227 -629
703 269 -130
950 307 -854
-436 -60 847
-380 614 591
-928 296 -1
258 167 774
384 412 773
-548 -271 -596
83 -4 214
-349 -301 -258
-380 814 557
691 -132 755
-336 774 -514
-261 -279 -882
162 -346 -631
860 -513 202
632 -132 233
381 399 829
-678 12 -490
-603 -741 -208
-206 -236 930
753 -1 554
385 -781 621
-595 704 -740
-717 701 270
484 -127 -615
-348 471 308
56 -194 504
