1000
0 0 0
0 -3 5
3 -1 0
766 161 -565
-865 490 -951
797 366 599
-373 171 -379
-580 -528 -575
935 -168 658
680 939 -917
-677 621 -396
-516 -468 365
682 249 583
563 675 881
725 674 43
-772 -174 73
948 819 532
-942 -823 811
-46 -233 -128
673 -602 636
667 -29 5
117 -549 49
-778 491 36
594 -481 571
-360 -588 169
314 -608 160
486 -720 367
-585 857 -276
941 471 940
-393 -438 558
-385 -448 559
199 715 399
997 125 -847
-823 -35 110
350 -784 -779
-790 688 -404
107 409 -437
-540 -315 414
147 991 820
-98 264 -696
-5 -148 -708
-136 -907 -471
-381 12 -639
688 -696 343
693 814 -860
114 21 -849
767 -769 125
-951 159 731
403 -449 788
-891 -255 206
-376 -70 -130
-26 -640 -940
-705 -913 259
537 -576 942
93 -763 -818
-873 165 979
-79 -993 979
-754 207 -55
-996 875 97
599 -614 131
-424 263 32
-233 420 252
471 793 60
-726 243 -866
911 -867 472
-136 160 397
132 -51 -187
941 -966 292
-669 -401 94
327 -2 0
210 -824 328
772 -721 551
984 400 -186
-111 -494 464
-436 527 -767
993 684 384
884 -586 -955
-205 16 562
-825 13 -565
-129 -704 -358
-717 -984 493
-876 160 -426
-465 -843 -345
734 936 341
-868 -143 15
-523 -559 -276
-596 -578 -627
-622 -804 757
965 923 -885
502 -408 -406
-799 -850 -869
-76 -385 -894
-12 -189 4
-27 57 596
-666 581 331
452 734 820
-82 -454 -989
-608 218 -172
-98 -453 -122
380 -806 228
-941 50 -480
-386 -782 -374
671 695 216
-970 -4 575
-601 -625 58
883 -315 726
-659 301 85
215 363 728
328 -273 703
-457 995 -723
-330 -954 999
-213 -584 288
494 -132 -765
577 494 -724
157 77 -276
-43 -44 -661
-927 -649 635
733 -367 79
12 -174 -519
768 608 -629
-281 114 -622
503 -841 -612
-192 421 402
309 -810 -223
-732 -908 -409
256 -364 -120
323 616 -514
261 193 -403
518 -347 -853
-796 -10 -527
558 69 799
-677 -869 419
-554 -469 -854
-665 354 456
134 238 -837
859 -363 202
302 505 -786
487 827 804
-281 -417 157
628 564 943
-227 -325 774
-682 -511 -735
454 829 -633
727 53 592
535 -170 118
-869 -367 406
-422 14 -599
184 345 -401
-219 -624 -460
-210 878 -738
861 235 635
-793 88 -195
-805 -459 396
-725 163 -271
-199 -856 338
-567 802 547
483 -962 -935
-234 622 565
-82 273 829
-148 -666 -237
-62 -489 -13
-940 55 -192
787 -465 -121
-284 614 -116
-7 702 -774
-19 505 -4
-515 -262 44
814 -42 -236
-732 -127 78
565 -683 693
-906 -244 247
-679 -271 27
734 813 470
79 -863 -168
-188 796 50
-97 514 -199
-264 -664 400
779 -457 -468
-334 -975 -164
528 -895 930
-10 676 138
538 -26 202
-190 783 465
952 -250 689
120 -316 -943
-324 249 -468
-504 175 -956
-91 163 832
277 -1 -625
510 -401 876
744 -434 -242
637 776 292
795 458 475
661 -549 696
-896 -377 -613
-539 214 123
838 -981 771
-502 -121 -699
-867 -834 442
597 -785 788
-428 -755 -394
771 530 -39
868 764 -950
-77 998 814
-701 -571 442
-626 621 20
669 978 -516
401 -838 143
-95 56 -946
849 -301 191
162 490 839
885 941 -85
992 545 513
-47 -688 -980
-247 -40 -135
155 -822 993
-541 857 58
913 -324 -639
-852 125 89
375 -969 702
-323 137 -703
-254 -76 -684
-647 948 868
-207 553 807
-813 438 -262
733 -113 -158
-569 -329 170
264 -481 374
-691 -895 -639
-586 586 -685
741 480 -204
-892 701 -637
367 540 588
27 629 616
-644 -284 -791
-74 544 -68
-489 859 -185
-582 51 835
-174 -263 -954
962 -710 780
992 -997 -767
428 -273 432
800 378 -712
-846 -440 859
-676 288 296
-250 521 605
-793 -141 -440
-842 64 -206
-563 469 620
541 -877 277
697 681 928
872 608 -369
402 -577 103
264 -222 -376
313 134 223
183 -340 223
-954 268 -414
897 -593 152
-995 -392 -781
750 -470 -508
110 342 -692
638 966 761
-205 -337 -883
596 750 81
-255 -246 -780
670 -961 -84
801 116 599
-71 -42 566
228 269 572
-923 -906 830
-976 -716 -481
-376 320 -212
777 -844 468
74 671 -372
-596 -59 212
362 727 -934
-736 -755 -933
490 891 -781
787 -389 991
-891 -811 -689
-761 389 -174
859 273 -227
-814 772 -75
247 963 360
-286 731 -383
379 -185 -149
-42 342 886
-469 76 -280
-916 172 495
931 -610 -115
-266 880 -769
502 206 667
-811 -121 325
-70 152 97
-44 494 -667
-752 -45 556
214 -475 417
848 -458 -487
675 -910 -110
424 928 801
-879 995 515
729 -549 -660
113 -564 347
971 -632 146
782 968 732
152 -133 759
430 -110 -291
837 -676 123
425 -349 -156
46 -635 -662
-531 -717 -382
71 -624 -841
292 328 -736
-511 999 -294
-597 171 401
-69 4 -789
-534 570 644
537 575 -752
-679 930 312
-373 -33 968
-812 -385 -178
716 907 418
-136 681 -44
863 -231 -988
312 883 -615
854 -514 15
100 -731 -280
-746 981 736
-461 792 790
-599 502 929
802 -95 476
397 513 56
724 -27 -369
-637 360 -178
-966 -920 -515
-797 761 847
-286 -688 907
337 -893 168
-958 -306 662
-234 -63 809
791 -725 -196
409 -241 -22
245 709 916
256 -743 502
-703 290 984
796 -584 -967
-571 -975 -73
-130 626 367
-37 -300 -320
299 -224 -302
751 -365 804
99 -452 127
77 364 -140
311 521 -540
503 383 131
-799 234 200
110 -533 197
111 -621 527
-338 -299 -462
603 783 -542
317 456 -492
-923 -27 957
794 259 761
-885 -489 -998
726 -362 -584
-806 -855 920
640 955 -820
-800 711 -294
604 275 294
71 863 900
-302 479 72
-950 172 -395
-299 -400 -953
-891 600 48
-67 -360 -502
898 341 436
988 403 -539
-506 -926 -881
90 -825 -970
869 196 957
-962 -770 -852
-209 -312 -510
335 -120 -471
945 124 158
-691 -73 -477
-155 -994 -712
-926 586 -409
-377 964 766
225 970 -106
744 963 -556
-955 380 991
-365 908 80
718 -435 -503
-132 -484 455
-490 273 55
884 -587 190
565 947 -590
-544 -701 -576
244 869 -472
721 -849 -221
-846 -459 -127
793 -753 -426
972 -719 598
-356 -320 439
787 -72 -405
-749 847 -12
-894 153 -906
-572 0 -69
-788 376 809
571 -435 31
-667 -720 -180
210 778 -596
-806 892 402
927 586 -608
363 784 732
921 -337 -256
898 -463 505
-332 767 -773
503 -167 -35
-32 -864 -773
921 -855 227
127 -856 -601
-377 980 918
-739 -736 90
-408 253 -948
298 -523 -130
306 -992 -760
-885 -747 454
16 -969 -176
-415 -553 -579
262 813 -292
-709 -291 498
688 -235 -774
466 946 489
435 -693 -267
12 554 978
850 -959 304
-292 -243 -892
667 -903 -585
-501 -427 -782
834 -772 -212
925 -400 -341
519 -162 107
-259 564 -337
-341 187 71
-806 49 473
687 -95 -214
398 112 -168
894 772 12
702 -924 -705
157 -143 -266
-178 868 -939
-363 -416 636
501 17 -848
-917 -468 288
-2 -621 -533
232 -413 -880
804 521 -571
-692 990 -246
480 -170 -489
-745 62 -994
-564 -881 762
-768 18 -495
681 -517 768
-207 -16 864
-770 269 -531
-477 508 953
41 91 -683
-262 -617 866
-597 -140 -644
-954 981 768
13 630 -400
-460 -679 615
-479 129 -844
-634 -376 -531
-254 -529 -535
-452 316 818
-360 -503 177
183 -582 -501
-75 72 708
457 -928 -790
246 -560 986
-92 224 38
-701 -450 -7
-641 843 -581
39 -676 181
-738 -775 -651
191 -897 -509
769 343 514
-505 783 -616
-823 292 -101
-176 -400 -633
-554 -968 410
599 907 -558
213 570 -628
541 929 598
-338 -874 -117
891 46 706
-551 -122 901
-810 114 -479
-623 -683 50
-389 -44 681
284 63 346
-461 857 -30
601 579 368
-619 302 -150
590 708 -649
-12 381 61
424 -848 -117
144 131 455
-625 -906 -594
-622 626 -543
542 438 -379
725 -592 636
-407 947 -205
793 -553 441
-468 116 618
553 -428 66
920 -312 -601
-781 -510 -218
482 -247 686
625 546 -503
-92 101 117
-258 644 -1
695 553 234
-166 62 926
670 562 -937
78 658 -417
-704 -167 956
-555 -894 -924
988 51 -114
-516 -431 894
-252 -732 440
-809 -265 149
-612 375 866
-426 -55 -84
648 -329 627
-611 389 605
-680 -722 493
960 615 -706
-518 299 -653
-78 52 -260
-293 -168 863
689 -50 -84
-407 -254 550
703 725 -141
-961 363 -861
-376 -865 962
180 -525 -168
-435 -260 656
-148 -126 -731
-541 403 573
-946 -161 -338
379 -897 232
-816 238 903
591 -61 389
-57 -841 -644
-983 268 789
515 186 -199
-860 526 -536
160 -693 978
-289 -254 550
-429 -46 871
-375 -535 -661
776 -322 646
248 78 -918
561 -233 422
253 -434 385
118 519 608
328 900 921
86 0 118
-510 334 -772
-797 44 -372
-952 328 -729
-414 775 620
676 -500 -722
-896 -910 333
266 867 -729
516 -985 -93
-170 -642 439
69 979 -90
6 -189 -491
-545 -45 -867
-866 -556 -92
412 -152 554
-785 432 296
131 -593 -959
-555 -824 624
995 195 -356
-650 -986 -277
667 489 -96
-673 111 -529
-698 223 -527
940 -912 821
-141 -160 976
-212 -751 -810
349 -472 -945
818 -325 -465
20 -947 -450
893 -255 -971
320 -141 257
-945 853 855
553 910 395
-581 678 497
-63 910 -328
-176 793 -933
12 -240 700
-424 853 -952
631 -950 196
759 -149 197
5 646 -572
380 -176 821
-393 -315 -241
-209 -147 981
770 -936 -232
787 -606 598
-197 949 855
114 23 350
-920 607 709
239 -940 -994
-453 182 -111
-245 -36 -947
150 -350 -139
-342 -205 -559
557 504 -810
-218 249 822
199 -107 799
-90 287 160
310 -444 668
715 -119 -496
-29 11 492
-489 -728 774
588 856 -301
-932 -753 -171
-9 868 523
-393 523 -28
160 -172 -109
58 792 -353
470 573 -640
-813 -799 -698
659 754 11
-410 50 -388
476 -317 187
210 -359 367
63 -980 640
-276 -482 -863
-168 -273 210
-954 -15 428
-485 762 82
-68 -424 -943
-515 648 -480
-544 332 206
-974 -50 267
-66 -261 64
-182 747 -392
570 475 -152
937 -421 244
-262 -957 -278
-151 -2 -44
23 201 623
-500 -556 978
-68 -583 718
277 809 -344
301 159 496
-735 990 -466
282 -764 -419
759 903 210
-441 937 -54
89 8 -701
-321 673 217
-388 860 78
-175 -773 -516
-224 -214 742
-598 197 954
842 579 747
526 60 -448
904 -970 401
-384 -40 -250
-140 -181 -970
-186 -663 -518
-720 738 -167
-71 851 -267
659 -246 180
235 432 -617
-123 -630 884
-8 942 448
-330 -862 -578
679 -526 -765
-55 -853 -822
-432 873 421
-492 -460 202
-730 660 -712
604 -187 -358
-847 -923 -879
281 874 888
-235 -570 -244
954 920 -95
-636 274 989
-42 -100 194
282 75 655
410 -141 -230
936 888 436
315 246 -636
-372 -830 -553
836 -324 -210
-374 187 -533
846 -768 -555
716 452 826
297 874 942
-179 -280 787
-810 776 409
463 637 -174
399 13 149
92 -696 475
161 -128 541
-827 -566 215
-758 448 -197
1 918 581
443 -630 -517
16 494 -607
395 -403 917
-325 171 -674
-235 -628 289
-715 847 -338
-10 -502 586
-856 700 -433
804 -836 -534
869 692 54
-967 -263 -826
134 747 -437
-925 864 -310
752 189 -643
657 -888 617
-94 -491 965
317 476 -881
-58 854 -223
69 -539 518
-784 360 -546
-65 -175 309
-828 -580 -298
-940 177 280
244 -793 -888
697 261 -818
-278 116 136
-408 -845 231
-984 -705 -546
-879 -674 -469
-651 790 -975
965 -613 354
348 -787 222
-211 -461 872
688 -617 383
398 828 212
-358 364 338
-170 -31 777
-822 684 301
-861 803 -365
-243 -976 453
-726 240 942
-780 646 -842
-71 49 -489
386 840 103
432 -544 -549
911 46 -190
13 -808 448
319 -890 -334
-707 -932 184
-80 434 64
82 377 -673
-756 -549 -524
-617 843 875
-172 -323 -879
-380 946 -338
-38 -855 -261
-918 -583 302
659 114 519
41 473 -334
-433 -634 63
-883 302 -406
474 513 -537
410 945 -76
-856 -847 -112
-908 388 359
-380 820 -891
592 982 -866
-611 632 77
-868 -352 -224
409 111 -355
465 18 715
-918 542 961
760 361 -713
-854 -843 258
-470 315 443
188 -228 940
845 575 -625
655 254 112
-611 -452 443
-855 28 1
-134 302 211
-453 250 -210
152 287 -701
-759 416 -141
-207 -299 186
-628 223 2
-277 -382 -694
-7 716 -987
180 246 130
-282 -371 989
-820 543 -390
-829 88 -693
-407 708 554
677 -634 -553
492 435 -562
-520 942 -314
426 -916 -504
75 662 852
719 -205 -240
-710 -143 132
-145 -46 675
-955 -280 133
134 33 -524
707 -469 -899
761 408 792
-529 -517 -231
727 545 -227
417 381 -229
-164 -488 -693
968 -725 -184
-96 -912 -649
-788 923 -233
709 937 442
-792 863 253
471 85 83
679 305 -337
969 623 568
335 344 -703
-542 842 -841
-760 -881 -229
852 836 475
-871 -393 871
789 206 -586
-319 602 880
-418 889 593
-852 699 -154
-492 -165 -733
-865 -624 396
-359 -239 -317
821 528 -541
-320 -787 -663
-460 25 -882
936 -716 -521
771 -489 369
988 -829 458
364 -276 825
811 711 -816
-628 -917 -330
-697 -49 171
-678 544 -383
-870 -404 578
547 442 -708
333 63 -702
205 110 677
-964 -456 -141
167 -962 -276
-387 662 -402
-293 438 -499
-297 50 -613
779 -171 -672
-54 329 514
-515 188 161
133 247 289
155 183 512
-324 -352 108
-676 891 -292
569 737 -627
367 628 -294
-318 -642 42
-328 151 -14
-672 -756 679
920 -176 75
-553 -52 -270
-804 -625 -877
396 261 332
836 766 480
590 839 441
-179 -498 950
-866 920 704
-201 -282 -984
-238 -285 -830
-498 -301 0
230 -683 -323
505 431 -487
-944 -943 241
-946 939 809
734 -539 759
528 729 -128
444 411 306
-864 859 -438
355 587 -184
922 -821 628
567 -334 128
835 423 -842
71 -806 126
-682 -191 -554
32 -773 288
-160 279 -33
939 767 740
-23 -912 519
586 221 -964
-39 899 524
-833 936 958
-805 916 -303
314 73 -427
272 728 865
724 -752 764
89 554 482
373 -569 -757
-585 900 -282
627 -901 909
783 521 -779
-195 621 -819
560 928 626
898 219 -518
266 377 -279
549 49 -337
166 -940 -82
-279 447 550
630 -687 -15
869 876 741
-669 -768 929
985 -318 -899
632 96 -788
-674 -895 -552
-457 227 -726
459 2 -971
126 56 -337
-521 494 -62
269 -229 729
659 -321 -854
30 674 -17
-702 -929 -802
472 -40 -174
-135 -647 -363
422 -45 625
-419 -699 381
521 753 -45
-672 -101 -679
-30 413 -188
827 -189 126
746 -260 -749
-350 -201 997
360 -466 67
788 -550 -199
928 -662 -574
763 434 394
-130 376 749
685 506 999
-464 -766 457
373 -969 -267
-465 -526 538
-518 -712 -668
-341 911 -889
-100 -817 609
344 8 -600
869 271 -127
896 983 -692
787 810 -781
19 -454 -628
-572 -748 -271
-510 641 880
-611 394 84
545 -48 -206
20 -15 -380
-520 883 -298
263 -525 -567
863 -484 67
237 -102 -775
-788 895 -93
-354 -18 64
-307 141 517
-955 -678 -557
572 -735 637
-623 -323 628
945 383 424
449 165 864
-2 240 -773
478 -129 876
309 834 -565
126 715 -326
151 -367 277
325 458 61
658 173 808
917 -573 434
914 587 881
-640 745 -490
-301 -693 -600
-716 -66 -609
821 154 651
541 -956 -754
982 -908 441
