133
68046264372772226
553945106074163119
805817940359039837
359979608473789857
314237256677876043
386183319462521967
673339611580086893
911543468868062971
412658140933639951
274928902694489498
655406967208550412
407677922025403304
947488258078352496
306304144676889062
963294480698009703
130124895785865049
691946272470849521
676132835245050569
424946800857083115
468141966597956237
415981131824815902
211634903161817794
507669995619733748
751840140054499771
8232535332329600
921228876135156242
923710077232280111
731333689429087952
636036706354238856
858375466711796781
185707035999299905
10400707261175750
682777155658660303
879495628158356221
569646262842190218
935572245540397762
88920732902849097
499368334247927920
967256298990888994
724697078353013765
44728347392479734
807881805363260973
784137914670529139
624145379690639209
467735695670803063
572725446790829007
596163825528158669
674091660732690213
26557683774486760
746867107471952220
985821807652112411
597201717276479610
678546197733728888
223813900602518647
785589622282603182
390603104247244251
832459778000005109
354883526814942126
919713134491975864
214417073501407916
851358032814428190
22812444822290623
308785586326097949
989057932458006651
840485118064755213
184594666844303897
520722387943324708
60014546348319839
759260721332590175
812239070549794002
883447295277273297
780028500842964154
87486613313092784
399648159929952383
163815852524791991
874311251535467785
306837110770798472
361897176179592497
567373807428526204
353245849414046241
142793190708000659
505202763591520055
209232891530066385
732936567584462930
552501087274554217
166908504914781807
134316820836574799
615390095676108437
529503213803873124
765329295632521743
832939101090422855
586190989001621344
831204125421672850
678432446386434915
345534211260489753
376846897829319276
231231747688115780
667487082792494252
61040585519906015
387337418933820975
693789957716234277
203635748458761453
294839084058262952
418117584297977722
967793473075632575
210112288654955724
430706880471638100
528381149989516025
165228047533869588
862441813028655723
396063103108896777
960382364094427507
827463898950288936
932172946950666898
992104310800340417
708890875840422813
925371828051389715
525127548363000161
659644482678840812
968214868460952664
432406687233105419
858085211439667717
491344081367611853
187854116713325756
219114803364725829
249317819888803976
525930280743927326
637105991874147483
599168438047364062
460915428005634818
780641207839668968
942162608913874476
828443130148825281
