1000
0 0 0
0 -3 5
3 -1 0
368 644 -973
843 -933 -507
-252 158 749
-140 -767 504
-899 -959 146
-747 -94 -493
794 -931 -164
68 -774 52
564 -578 79
-245 69 176
472 775 -446
-813 -176 -331
152 41 399
-438 731 474
166 -728 243
472 -585 -64
78 818 361
739 -898 -621
-859 -693 318
270 592 -386
269 -673 -127
-683 927 748
187 -800 110
-70 -809 601
-417 429 30
945 -484 -996
-190 -731 -175
424 -839 392
-425 -901 -473
-233 -615 640
922 -74 -622
930 330 -243
-800 -193 -818
855 -676 -154
637 -845 742
686 413 931
-451 -10 640
73 -981 799
136 -148 298
-850 901 -948
-273 -479 -872
-653 393 346
516 179 -638
252 -512 480
-215 622 40
-828 939 997
-984 -724 184
792 -607 154
659 663 854
419 -596 947
-472 -131 584
850 -219 -841
-259 354 739
-613 486 973
711 -451 691
58 548 -547
-283 -861 334
673 -501 -21
392 978 18
227 -22 -604
-780 -466 719
-145 -941 -647
-847 196 871
697 257 328
265 971 806
184 -881 759
478 817 153
793 922 -950
437 860 -309
-963 -440 -567
525 -572 -383
28 67 918
326 -643 -55
922 631 14
99 274 910
392 -335 -72
935 600 -443
919 -710 917
-823 406 -932
607 -239 189
423 699 606
136 -419 380
-404 233 -748
794 751 97
242 137 -831
-945 -294 299
-701 75 -386
641 405 55
-688 980 763
806 337 964
906 690 899
-801 -20 213
-751 -24 -453
-543 -733 5
44 -934 600
414 752 315
-251 16 502
-32 661 -200
433 795 -53
231 381 -172
971 -602 -984
833 -414 918
-7 835 984
453 -836 663
-634 -320 582
929 443 -87
122 -211 269
-237 880 457
-551 997 -5
907 -20 -965
349 328 -958
-212 302 96
-538 33 -337
-194 311 -960
-823 725 727
199 -496 816
-755 349 373
884 274 358
-897 -867 826
594 -271 -324
-733 595 -63
-159 604 936
-862 -592 -391
-965 -655 234
-540 -736 976
244 -592 -696
170 307 -664
229 -18 857
778 -141 887
-627 -455 -892
282 -170 -867
309 -773 761
-845 891 -76
881 753 -903
2 -868 624
-803 451 -413
-266 428 -830
470 801 -287
-402 136 182
-287 -853 -920
-862 -572 -206
642 -685 -159
889 -296 50
-886 -365 510
-500 -718 -678
156 -349 449
750 124 -206
-628 -719 585
808 258 -289
688 879 574
941 647 -9
-370 316 459
-481 -198 -57
60 -272 -107
298 454 425
369 186 934
922 -969 -868
-900 -971 -495
-521 -7 259
-534 791 411
896 -522 578
467 -72 -727
295 -854 -436
340 -357 -451
720 -271 -122
629 -592 -199
322 -719 983
122 673 -205
-79 977 -390
-224 877 -691
935 74 607
-826 -875 878
-305 98 900
58 866 -784
302 -19 616
55 609 -137
-378 -284 -422
-464 623 109
914 -820 728
-132 -919 -179
767 402 -197
-352 -540 96
-931 -224 -796
-964 -143 25
-863 185 491
-266 -160 926
13 572 -599
386 -744 -361
693 -216 582
-42 -369 -831
436 482 361
268 -220 -958
-385 19 103
19 399 293
781 -182 267
557 -62 10
389 -232 -410
203 -869 -524
-679 -492 430
774 -400 -128
533 986 240
-562 239 375
-419 121 696
-381 334 767
-971 642 -631
-172 635 -528
418 -498 1
-556 777 912
-673 -663 -265
576 -391 118
131 -504 -235
441 -723 -159
421 791 -391
285 -483 -668
-984 -950 -151
204 -700 -27
950 -605 -655
-519 -249 -792
655 -948 -601
-848 43 -87
-79 -824 366
801 668 -633
-305 636 832
880 -852 -380
-114 333 72
697 391 -27
-528 460 -945
660 -872 -808
813 879 313
-618 271 -905
-391 945 -776
-380 -926 461
-599 701 707
917 -2 283
956 643 194
6 -35 -542
-122 528 -636
614 47 -926
-116 761 -72
988 614 64
876 -213 -759
-232 982 -320
747 971 95
51 948 -258
-776 -905 -274
633 -920 -945
-138 53 412
-879 529 72
14 93 -290
-574 -478 -944
369 169 -716
206 -659 -742
-268 978 466
195 92 -4
-107 -665 480
-870 937 867
-436 734 368
-342 833 786
149 364 714
847 840 -952
655 -703 -797
-823 -361 671
653 -520 -115
-409 811 -989
871 140 825
-937 -332 -282
679 -229 394
319 -359 777
17 517 -203
-778 359 -201
-211 -376 740
-218 105 968
-710 -476 -602
451 -671 -934
-784 346 677
827 -411 -638
-478 318 -363
794 -970 -104
720 -386 -381
132 -380 -602
90 -894 944
-192 428 -277
542 589 31
-297 744 -836
94 45 -265
972 507 -303
-141 -643 -616
899 35 830
795 -956 -301
-411 82 -512
907 -221 -969
-46 -337 -986
286 963 -924
554 432 -936
772 56 306
-610 561 487
-446 150 255
-599 8 798
-735 726 619
503 -278 -58
-419 -835 -941
429 954 -634
573 725 101
-808 -557 273
398 26 -513
-826 -215 -105
556 18 327
167 -143 -807
330 498 -898
822 253 160
546 727 -294
-917 -386 610
132 -116 493
534 -231 -583
-316 -205 993
671 -553 27
734 -878 274
-621 -51 -700
496 -472 -551
491 -889 -206
-40 158 -343
-975 -676 820
539 717 189
27 -10 672
101 10 -50
-92 -918 -659
258 -517 -35
-833 -529 -860
-278 987 752
-996 -858 88
450 621 544
-731 383 101
-691 488 -627
506 -550 -849
-432 -254 -91
-66 254 727
263 -185 -858
-921 702 -610
883 -616 -124
892 644 -68
-225 821 -447
-512 -382 116
551 52 -154
477 605 -602
-62 -904 -670
881 -309 -318
-901 151 -123
-615 32 300
962 -479 889
787 -332 729
18 -591 -20
78 361 -646
838 244 73
-266 -587 -783
83 -899 -145
141 -461 -796
556 167 -563
-176 -432 175
89 -465 442
233 394 563
-907 -977 324
195 74 574
100 90 -344
878 77 274
274 319 -743
-773 184 -231
635 554 -497
688 887 -265
-402 598 795
-551 56 -77
201 -847 490
568 300 237
597 -637 334
314 -260 969
-643 414 -186
-47 -69 -506
398 871 -466
846 891 98
-570 955 32
-279 57 -581
-953 989 439
-130 909 -823
121 -474 -641
850 450 56
-46 -547 969
-148 -214 -110
743 330 290
-240 878 -843
-977 753 541
149 -658 -87
562 -925 -105
612 115 -922
195 -996 756
-953 -776 -411
806 -559 403
901 399 594
841 -449 754
994 530 -200
892 330 313
477 487 370
-813 -562 -33
-91 -624 -954
-805 331 939
264 -975 748
490 -76 672
124 -585 392
-19 841 987
-359 -997 -609
-437 589 851
601 -13 883
598 499 483
-291 -881 474
313 482 665
-226 -915 245
690 -634 -261
762 342 735
-778 -695 728
-840 -824 -546
828 -604 793
142 -832 -699
-236 -234 -349
313 -305 -985
454 -548 207
-204 -265 613
594 -670 -789
-838 -883 -378
-555 901 2
940 -139 946
660 349 -585
934 -472 -641
859 -123 607
-863 17 -818
483 -18 -212
-227 168 150
216 -951 771
-132 -657 339
754 -744 859
559 482 -118
-749 519 994
-888 -720 215
-413 -833 -672
167 -797 -360
938 -762 -194
-15 978 -440
810 -852 775
603 87 721
558 140 -414
324 411 873
-707 -579 -267
870 783 -512
414 931 672
-131 -686 -451
728 -833 138
-509 241 -914
-578 884 311
589 -545 277
-810 42 -812
946 -584 -991
194 -976 621
1 -609 -772
-200 -337 628
938 -814 -713
-292 123 -242
-20 -23 -217
-332 764 -389
-871 162 -926
-126 290 -492
612 413 -654
544 -415 -856
-548 -310 -326
-500 -31 170
-700 -261 -574
128 -633 -254
-428 -38 -948
-628 847 -135
878 -75 -70
-848 -517 -68
560 733 -638
-592 425 9
254 774 50
734 -588 -423
497 981 -373
-430 -171 581
-838 -519 -48
90 214 -42
-930 -876 -759
-639 523 135
-853 -226 66
-458 623 169
623 -373 -250
-343 163 813
670 -863 750
902 -23 -798
-626 -820 -386
798 236 -595
887 -164 33
97 950 -459
10 615 -238
-125 701 -895
-857 -696 -928
336 -18 -205
680 -690 958
96 -144 -221
87 115 -70
514 551 42
-296 396 674
639 -799 -908
542 667 -345
-713 -399 -892
956 -266 -709
383 -657 705
797 871 -697
57 -173 804
942 -93 -937
-468 130 -451
-129 -74 -289
280 651 172
476 -683 476
697 855 -747
-999 -541 405
-499 469 -120
318 -994 629
-922 503 -151
-237 -754 -516
-122 141 579
874 848 612
648 674 -125
24 -830 -5
576 -473 -202
772 977 -885
375 272 -545
-748 903 917
-573 -914 -712
-487 762 -549
-784 -996 -838
-721 543 258
-532 16 -326
293 -861 750
54 -272 -144
-590 -144 996
54 -246 557
123 924 483
-422 691 -588
678 -620 901
824 -468 -745
-935 814 864
-986 -401 -911
583 755 -729
976 225 -156
-746 -605 531
750 -330 -669
522 517 662
382 882 -920
-587 -640 788
381 -922 586
-876 179 117
535 -647 -402
-72 492 -444
-880 -560 -672
-578 555 -175
-287 -733 -549
729 963 -56
6 700 597
412 -130 334
-73 65 -205
542 744 283
-56 -91 -629
-409 -262 514
-396 717 490
713 -713 779
235 7 613
-906 52 443
986 485 -7
-438 87 915
606 -711 -231
-103 -715 -340
656 323 675
-212 165 132
-848 938 -941
-85 -427 329
-29 545 -634
927 723 -441
471 644 119
583 199 995
267 -906 876
-692 -560 52
-128 878 175
-773 465 964
-314 588 80
-802 393 240
-765 634 -562
-465 829 -168
3 194 -763
-621 -830 -210
934 155 40
-630 13 214
-514 623 604
-311 -444 411
-986 -860 289
-933 258 -298
386 -97 -897
748 -912 -362
17 538 -419
-688 38 895
-525 758 967
864 -948 -916
885 471 940
432 961 879
392 501 435
-481 -952 884
547 690 -227
-328 921 -491
-721 -25 -905
-409 -122 350
582 -702 111
-907 -213 -405
90 811 472
-564 -413 -493
139 97 433
335 -125 -928
529 -973 -704
541 944 -15
133 729 281
-288 -24 -90
-824 568 -238
549 -545 -618
-350 860 51
404 -816 -21
531 -713 -132
-639 700 -756
-654 -497 -702
471 -607 530
-607 559 275
-572 759 -438
-28 333 -280
154 -397 180
-378 98 -147
567 -848 773
718 -347 628
-905 386 -875
871 787 -608
157 -912 -599
237 644 -922
-2 381 -625
385 426 -417
219 158 -428
-763 3 200
-213 82 570
529 -948 -21
-256 -335 -524
-221 -590 -303
-322 228 285
605 -451 886
-304 376 -641
-627 -852 -353
-797 920 911
514 780 -912
332 -990 -243
401 -356 -198
-989 -376 584
-257 76 828
-255 253 -16
-683 -733 -350
979 423 69
373 -177 491
-870 277 499
271 883 539
-223 -107 -604
727 -497 -85
-955 552 -733
949 -172 -783
-603 739 -406
68 -253 -154
-324 1 833
661 78 900
620 -335 59
124 374 295
791 -565 53
-62 -137 -620
638 -167 -46
228 -455 -130
227 218 657
636 -379 153
564 292 732
86 -503 117
748 -456 618
-651 -874 398
-393 440 -245
-836 670 -352
-654 -564 940
-75 -875 30
675 -157 -611
720 244 63
553 663 821
268 705 -607
332 357 787
815 822 409
446 -312 -504
-782 -856 644
-650 973 158
868 -325 -777
982 -643 -331
914 839 885
540 873 420
-15 -350 -868
544 538 -101
-389 173 780
244 -399 -506
646 44 975
-467 -744 -990
-58 460 -897
566 -21 -158
-935 -819 325
-774 438 523
86 -826 -279
352 935 -831
-273 791 -808
76 -423 -734
-662 -717 300
610 846 850
51 176 -853
-792 601 -264
68 -627 -272
454 -22 -942
-290 351 -544
655 629 -779
-524 -597 474
904 -234 758
455 592 -868
-647 819 -476
-941 74 -503
608 136 524
567 -779 -309
728 529 371
-207 99 -214
-961 -520 407
-389 -385 -727
-382 811 119
-630 -157 -834
456 651 166
-823 793 -406
-25 232 -370
-174 665 514
-949 -979 857
635 219 -947
841 -849 -285
753 838 -718
-595 325 -114
551 -429 -623
90 -620 649
837 -880 468
-300 518 -289
833 132 -732
844 118 658
-311 -787 -593
323 -159 275
9 -786 441
-209 149 342
933 -490 -467
47 -867 873
-233 -273 23
964 366 512
661 -499 -820
-118 -139 -397
711 928 299
890 -147 -341
-680 -942 -364
993 -897 999
91 -493 -495
-237 683 -512
-204 -789 -653
559 856 203
-404 913 203
-593 -113 -992
-872 -133 -79
584 815 -356
-579 571 709
-353 -171 634
-525 573 455
-463 946 -290
-342 389 -689
-13 32 587
882 -854 -182
-138 474 910
-430 16 885
104 -234 152
-865 -453 408
-156 -536 -231
-266 524 -687
-2 115 944
-856 -972 -492
799 -282 -97
165 -235 -944
109 -656 -428
220 928 4
392 625 14
-797 573 -79
-933 -212 -470
494 -553 -209
-626 294 -98
-829 54 -376
919 755 -404
787 -884 -808
-18 -372 -369
255 -202 115
-539 440 -607
356 -301 936
997 775 -856
-473 -500 885
293 597 755
603 -938 -611
32 353 331
-4 -782 328
-958 368 380
-892 627 -692
-953 -817 807
582 -880 -568
501 283 590
680 -148 -246
335 277 616
-217 975 -264
9 374 -449
-565 -834 -179
-275 132 -347
-644 -840 -392
865 -812 -807
122 -600 483
990 613 135
-157 -725 -497
73 582 482
-315 353 -168
395 426 56
813 677 -829
463 689 -360
-174 855 -62
969 -903 -65
932 -862 -877
483 215 -458
-568 768 828
-68 417 69
893 833 -7
509 348 452
-161 -780 -638
-989 591 582
538 -437 -732
-694 -935 -345
355 997 -242
-107 -463 -236
226 413 506
119 123 640
-100 141 -269
-612 -390 329
744 -890 839
-796 270 -764
-320 -439 289
809 549 29
645 406 -177
-211 -580 -910
874 -826 815
-971 753 514
-72 955 -277
-27 778 573
-577 -680 -232
797 740 -394
431 354 490
555 -407 691
-754 -148 724
-925 891 787
769 838 76
964 -457 -401
79 955 -127
461 -414 517
-916 144 -905
53 -848 -775
635 -218 -536
-451 155 -637
391 832 341
678 -486 -271
-841 -375 -813
-163 -263 -331
-600 -548 883
-525 -616 330
87 670 -833
671 141 -229
686 219 -261
419 -117 284
-61 -173 863
-472 293 623
910 -549 241
-112 -329 977
-131 268 -677
679 -66 72
-672 -491 794
493 -498 924
-134 -295 -698
-843 829 -83
361 904 174
549 712 -579
-21 -590 -405
625 990 634
-63 -796 -485
-957 -955 240
3 270 933
507 379 574
845 -451 -501
-476 -435 -112
323 465 58
396 608 266
84 567 -713
987 -752 -563
383 -602 -523
-308 506 -574
-363 974 -754
-401 -451 -892
154 -216 920
-674 483 -713
177 744 357
-857 -266 -628
504 335 -680
724 400 731
-327 728 937
-689 -41 -142
-148 -370 562
-319 505 267
-988 -526 179
-180 -989 -602
569 293 339
-153 -623 586
-731 349 -595
-394 850 -45
-579 -2 -111
-522 -90 -143
-487 867 -949
-797 147 -666
505 326 -186
372 337 -291
239 348 -842
-267 455 77
400 756 -276
-477 455 420
51 877 -726
914 -615 -836
593 389 -240
874 18 -181
-247 -542 -985
288 270 -538
411 -162 674
19 50 -461
-404 392 -495
-661 -565 -287
-181 810 -368
-836 859 324
-425 980 -188
226 -642 -73
443 -207 -777
-678 -499 -353
-871 142 -437
597 258 17
-585 -979 -971
-829 571 581
691 224 -530
-355 -697 -30
220 -379 482
-497 276 781
-752 -960 314
445 58 238
240 653 -593
595 335 -668
-202 258 935
-962 -699 -679
457 -640 643
-44 -925 290
155 49 375
444 303 359
250 978 -374
-686 203 351
145 699 -503
22 130 -489
-687 -375 865
-394 195 763
-47 498 -807
-756 -335 117
-972 -676 94
-831 -822 408
162 17 -246
419 589 564
-927 -117 -594
-120 -560 566
-642 -711 -498
-568 18 -544
577 -388 367
68 425 45
318 207 -576
-519 -302 -163
-311 -274 -720
-30 243 583
-472 870 -339
