1000
0 0 0
0 -3 5
3 -1 0
-721 783 854
-348 -871 -258
-459 -339 214
-748 12 -666
24 -985 187
349 -853 -759
-519 332 90
70 276 441
-372 963 -981
-381 -77 -123
316 -238 614
-148 -46 -899
469 -665 -847
-142 874 222
359 -739 -104
-509 -926 -918
-809 788 981
-480 212 -616
183 106 -269
668 -476 209
-869 904 -510
847 -308 -82
-958 240 -507
274 323 -381
121 -775 -188
240 876 -268
-740 -405 -765
-747 -80 244
-913 676 -490
946 -94 -727
238 -961 -989
-72 -759 319
-184 264 -804
-828 544 -170
443 -528 -591
443 -22 973
37 661 -33
-761 931 -330
737 -676 -981
-164 -204 677
-254 640 470
-772 677 283
102 777 -346
745 -459 -119
-6 867 -821
-979 950 -485
-248 67 -358
-718 984 -318
-270 -825 158
627 49 197
744 978 -847
-81 191 195
-897 -90 500
115 800 261
-989 -575 -401
-332 549 352
-400 -332 -117
328 -684 -237
-483 346 417
-535 -511 -628
-805 -2 693
128 121 972
-888 421 44
72 -511 675
754 -547 992
940 662 99
735 -563 -333
42 290 -436
63 696 864
-754 987 -345
431 -92 834
-799 98 -229
988 415 776
-549 649 917
-20 900 -315
103 289 -368
-469 943 207
-300 -660 694
485 893 192
240 -93 -499
112 -654 -758
867 98 818
-280 762 186
299 -160 72
714 836 -91
916 123 -328
690 -168 -583
-566 737 329
479 485 -393
-704 -810 -574
904 -726 964
-254 865 418
-243 355 353
156 244 -688
-372 -988 63
944 454 155
364 -754 -433
45 -290 913
-230 -646 20
-896 0 974
-201 -19 -133
762 209 -445
-276 636 55
-417 -319 -244
-707 111 -461
-673 -995 -548
-615 -966 439
267 172 185
572 174 -234
-166 605 -236
-96 681 -425
866 144 32
-251 -672 -717
269 -592 -31
-914 363 377
-218 469 124
895 658 420
-650 -887 -58
-943 -650 -435
-76 94 -568
-851 -516 92
758 -982 -401
530 -344 -701
-81 -263 -676
-175 -40 -143
882 136 -132
-385 82 784
-495 -783 -107
-398 -450 -139
-646 963 573
875 -79 514
-97 390 -913
43 -510 -638
347 136 -950
-708 679 -348
685 99 965
291 454 -798
-123 924 330
589 -931 -764
-247 780 933
514 812 -859
-478 208 897
922 -847 -408
-709 49 578
-972 -4 687
-931 -722 -970
-342 190 749
-441 -374 -474
60 -737 141
-6 579 855
413 -421 -426
-637 -6 337
623 -708 -732
-690 537 973
542 617 -352
-326 63 -429
840 883 -196
-69 -348 -344
635 -911 195
966 -780 233
876 -509 -90
-391 104 -959
-288 -531 -621
389 409 90
914 -808 34
-524 506 -818
831 592 165
-983 729 -529
433 541 -839
-757 -317 777
-623 938 -462
-300 757 786
223 -451 -450
369 -62 256
11 84 150
-802 -890 671
-172 324 -227
-348 -509 515
265 668 43
287 -134 -672
724 -625 -515
513 -319 -402
-976 443 23
-804 634 -987
183 -153 657
-947 887 124
-999 -619 -957
829 -56 606
486 -901 -360
-177 529 772
541 664 -429
-936 -226 38
189 753 521
-957 -149 -933
-816 -798 935
561 -216 970
718 371 765
-955 -257 943
289 -33 -510
918 66 265
-183 -662 -632
999 374 -418
-690 -156 -78
-829 -736 343
712 -526 -114
-32 -563 -477
203 288 734
-108 702 -616
295 -823 -152
749 914 648
523 489 -870
-19 859 846
-621 347 993
-427 -662 911
564 429 -475
823 -965 346
-281 -527 -496
-901 109 462
-16 58 582
-909 -610 -26
-390 690 437
-513 -925 849
924 383 -978
-248 879 -301
683 807 152
704 384 588
202 -179 -301
-631 -293 950
71 -17 -348
133 -41 -496
-350 713 566
-918 -439 225
-700 265 97
484 -592 925
592 -336 121
48 -554 -830
206 -420 -454
948 -481 452
924 -645 -621
405 441 -469
-841 -855 -591
427 -758 -854
-224 -373 717
494 771 198
-405 -216 -122
-460 -576 775
-383 548 -659
-434 -602 -193
768 -501 -364
158 293 -457
-863 530 531
12 -226 738
655 -526 118
-676 217 974
-845 528 92
144 -873 859
485 980 -621
-988 -214 -692
-939 602 -648
526 -79 79
78 476 820
43 397 631
103 782 960
-385 804 -350
790 528 -899
-137 -481 229
-864 356 -432
453 943 65
817 780 -813
-103 -987 387
-128 648 -375
711 170 -214
-357 783 736
660 -522 -602
538 463 839
-304 -758 12
721 -157 -561
678 -798 386
261 -869 881
353 328 -801
-882 273 -953
-439 787 56
273 -989 890
66 971 875
-129 -540 140
-286 603 191
-625 -226 -607
699 756 -850
707 755 642
-545 55 -617
620 -854 196
-499 -948 -413
515 805 118
653 62 250
894 252 40
384 228 -813
-54 -340 -220
-883 -370 -773
322 -869 503
-176 836 659
-530 811 37
302 878 -819
-229 -818 252
-775 978 -183
193 239 320
-135 -830 -615
386 -814 832
977 -926 148
914 -65 -995
565 -584 981
132 229 69
-529 744 375
350 464 -376
72 267 452
-72 -17 -763
951 299 -438
-542 -972 -559
147 -373 26
-358 -540 -979
814 -679 155
891 36 -868
-203 130 -899
766 -246 -34
698 883 737
77 481 257
-825 90 -269
-730 195 -59
-23 -431 213
-166 488 -825
-407 -618 851
-788 389 796
87 -970 889
348 -443 211
377 318 400
-357 672 -594
-543 -767 213
118 775 -963
537 -933 -724
-281 -640 -141
561 136 308
454 -459 -492
-79 -168 -88
676 -248 757
418 -473 116
298 936 -399
678 990 155
541 366 343
804 199 690
156 295 408
283 -800 -529
470 -665 801
450 762 146
943 905 702
-767 292 209
-7 -174 345
531 335 144
-212 189 286
-60 497 -122
-621 291 690
-657 -173 886
431 -350 925
176 41 -223
173 111 214
980 -369 567
842 -78 995
-692 892 314
428 -981 -412
366 776 -766
75 -630 339
-312 -946 -350
990 -309 220
-494 520 -258
-969 -196 -3
-391 -980 696
410 930 -237
195 -516 -96
-233 86 181
524 -931 959
-931 773 9
786 392 -192
209 566 -667
857 -186 -527
919 -545 -265
632 -769 -297
-602 779 -693
244 -919 188
617 843 -953
-663 -759 503
-791 410 592
-3 545 336
-198 -622 -797
-866 135 906
-441 -660 175
955 -819 577
-986 296 93
675 -416 497
764 -262 651
-955 854 100
341 483 542
93 -994 -595
-466 -395 661
-293 851 -133
953 -208 89
546 121 160
98 -864 780
851 -304 -536
-251 308 -498
-254 -423 -171
616 140 -161
245 766 831
-613 728 279
-596 -424 -408
-738 56 524
-998 -667 30
650 44 -231
633 -960 502
-781 224 861
102 -918 -631
-304 333 144
878 -940 -613
-5 802 931
-22 -370 287
-787 -437 153
989 721 601
427 -556 815
928 53 -505
-197 126 -163
-905 982 593
-670 -708 -588
-707 -222 -952
-592 116 -565
-789 966 -136
-709 -989 621
751 -941 704
-512 583 38
57 -943 -868
345 -956 429
-910 319 469
-65 -448 -644
-575 189 887
907 -468 -829
-558 -872 -362
-160 -345 -472
-75 -708 990
-703 720 -914
-605 -94 938
-671 765 558
368 -779 -363
-157 -701 927
-501 235 -336
-893 295 -243
-327 -904 -410
-328 -145 439
436 541 946
979 264 974
482 -468 580
-517 -356 842
-486 -956 227
-270 778 -914
970 -956 767
-495 -313 316
564 -702 136
42 406 -944
-839 -833 247
215 877 829
31 -257 -95
-25 -644 775
584 328 836
851 250 -245
259 -137 -447
440 -999 316
300 936 -662
372 258 450
168 210 -734
997 -181 13
-644 -575 194
825 965 -10
92 820 -101
332 -657 -829
869 373 752
-707 748 115
280 -985 537
969 -388 458
482 -38 -917
223 -179 817
-74 551 -211
992 -560 843
530 100 -860
937 -697 -574
-531 -48 -85
914 -272 503
-608 -75 -563
777 -318 495
794 -634 -646
-920 917 -835
999 926 488
416 747 778
-395 -186 -386
890 -564 -181
-972 908 566
-238 427 875
977 -65 -848
227 222 103
-96 -397 12
-633 694 441
-561 59 618
654 890 -341
-640 902 -939
653 970 723
-633 63 406
-367 -271 -134
-494 -970 -590
788 201 553
-797 883 -36
-288 -586 -773
-775 24 -936
473 -235 -719
-326 353 -520
313 188 -408
404 -345 461
151 -743 879
980 -748 666
-651 179 565
150 -500 240
220 619 -133
-85 157 -519
-596 -688 -64
-214 -974 416
465 593 746
-968 43 -99
673 -708 3
-95 345 -33
-373 740 13
735 385 676
-25 -460 -386
-903 706 391
-911 -261 -711
-260 353 -647
-677 87 -209
249 430 0
-561 901 -237
141 599 560
-584 833 -580
327 136 -483
-861 149 925
-354 -42 964
-496 165 812
-710 438 403
885 -319 677
605 -380 324
-488 -24 547
74 -417 -15
-82 -341 -608
-675 -830 -126
108 -998 562
308 -847 157
-203 -291 161
455 474 5
-892 803 462
36 -742 -68
221 471 405
578 235 55
831 -809 -644
489 576 974
671 -852 779
-635 -461 -945
-749 415 420
477 -180 297
-350 749 29
946 239 464
952 -41 212
422 249 -939
911 -602 12
70 -341 -375
-5 -75 52
-953 -679 -517
208 988 -957
-361 24 444
797 -217 501
-155 186 710
-121 -797 -520
-983 355 -966
-432 -49 -263
907 915 541
352 -585 252
-95 -463 618
-772 -998 847
-710 811 -987
855 -930 -706
-320 738 932
962 522 816
952 -189 774
544 -865 -557
964 635 -849
-540 -731 -677
-396 -540 -926
317 18 -321
717 9 349
174 -617 -587
-394 895 431
-826 -272 321
-86 -203 658
463 764 79
-613 -924 -205
999 751 -148
482 229 -28
-966 -66 -435
0 -559 821
607 760 -956
221 331 -517
836 -744 301
-298 907 487
-617 183 -853
737 866 -244
-830 57 -20
-821 243 -700
167 -256 34
239 733 -764
234 375 149
273 339 -346
-763 404 929
342 -355 -242
373 -877 962
298 -721 -777
-790 763 617
-354 -314 -426
-71 -281 546
395 661 806
422 -86 -727
847 -386 -51
309 -304 -38
969 739 905
267 -765 551
-777 -878 -88
413 -41 831
-16 -598 -608
-825 -502 -539
-178 -789 142
-539 -8 -897
797 -697 -515
259 282 576
-617 -681 4
951 -950 663
889 193 320
306 790 534
-423 -501 -835
958 -198 858
103 474 649
463 135 140
-270 -508 -562
-480 869 -260
285 564 -796
289 -255 464
-318 -643 -980
-890 -129 -89
254 0 -201
5 446 -728
-552 99 229
-169 12 81
-591 -368 49
-727 -410 606
-329 -1 -334
723 69 -476
629 -239 180
-999 885 890
72 -519 714
-239 -905 939
-126 -289 -486
-130 -434 14
-801 -100 406
850 -57 -577
-879 -434 -339
172 -173 921
-73 320 -645
325 -354 938
890 774 -682
-703 8 954
-141 896 -400
340 -420 -87
-80 192 -648
406 -597 -903
-289 -803 794
-187 969 675
790 382 718
-398 -763 700
10 491 -432
-582 800 444
-884 425 42
725 520 914
-524 449 -766
-944 -584 -188
-726 713 -208
-437 933 626
-831 -207 647
-100 566 844
-295 -673 -676
649 -929 150
132 916 696
-95 580 -564
691 -937 -63
659 15 511
-894 -483 774
825 888 -673
214 766 -309
326 -963 -926
-281 -160 72
474 608 83
-925 150 413
155 510 -965
970 -106 -682
-420 963 -2
302 360 38
840 524 -59
-324 253 -47
-991 -488 -742
-986 3 -9
942 41 -952
-93 -485 -125
-816 358 -829
-925 847 -811
-278 -255 -562
-178 882 -412
951 828 31
-100 257 750
256 -949 -143
-305 611 895
-877 -345 -673
-523 388 -37
502 401 604
-758 350 42
-549 -316 -157
720 -65 -832
499 236 187
-202 962 294
-514 690 -17
-939 945 477
-524 679 -183
-404 528 189
54 7 -35
-396 635 -72
-921 509 -371
-285 -675 187
-493 202 -456
164 240 119
356 -485 -678
-207 396 -647
882 -422 -863
-568 593 719
34 889 -548
657 460 774
-240 -826 -628
-846 -580 195
368 305 -413
-292 -664 -736
703 633 -637
-827 840 75
-102 390 -856
-642 -441 -214
-723 -85 12
-579 -923 -417
-940 657 616
-168 611 974
-694 396 13
361 474 252
-62 752 -782
-373 -429 -626
-641 22 -882
-623 -533 -992
-252 -566 -844
-976 -434 -369
417 -413 211
-468 369 -663
-160 -965 -38
627 -208 900
-873 -206 705
470 527 -196
796 633 683
-914 -752 -811
278 295 -563
894 -549 -111
-5 -398 -308
425 520 -898
428 673 -160
-218 707 659
534 -651 -443
-477 194 529
440 -833 -72
942 184 -521
-419 815 74
880 -943 -433
-563 -196 -515
-162 634 796
-319 -383 -966
-42 -273 -279
55 -750 -516
-833 187 621
-352 235 345
-412 -352 -405
-359 -795 -314
-495 -704 83
77 989 513
-844 568 136
-624 -972 -889
-172 -4 -856
-765 274 -373
-368 98 -338
-985 611 261
-17 604 -962
-339 -211 -510
344 -312 -33
-927 -289 -912
637 93 446
120 -327 601
123 640 -178
747 -810 323
-970 190 -801
-357 -108 -785
-828 921 162
-683 -14 316
-461 96 890
-189 809 -721
-177 877 864
-384 -109 45
-210 242 -730
64 396 -865
797 -737 868
147 688 -12
-586 653 -110
380 959 167
54 497 890
-574 118 -343
611 -986 -561
-804 289 331
217 352 -836
-369 415 234
505 786 468
327 960 135
498 368 795
-6 -872 849
893 -496 259
379 -829 -205
-949 -871 -669
833 -255 -623
-184 496 -979
-108 88 163
-858 -138 127
727 491 699
-48 616 -528
-404 487 852
-52 -983 182
544 944 -540
335 347 -142
-767 -592 -358
-589 -103 -703
-716 305 -698
11 -201 71
-53 66 808
721 200 543
562 358 335
110 937 773
937 -80 875
-920 924 -18
-166 -404 152
-763 -148 257
874 -28 327
-869 582 -162
-675 427 -170
-828 472 7
-120 331 -185
-563 -293 -573
-155 -988 -911
-650 290 -349
613 60 -904
18 201 407
-582 566 727
736 -253 875
921 155 -614
926 -99 361
-931 -568 -892
-195 -108 473
-119 -109 262
-513 158 399
742 952 -615
-352 927 -834
-105 899 -204
-777 193 -463
117 623 40
-385 806 -185
-103 -715 240
632 94 -557
-847 655 876
595 877 968
-40 -564 -753
748 636 993
92 208 -111
-530 622 566
941 859 -533
351 506 229
-368 358 517
-453 110 -523
342 -758 415
-231 158 -944
178 -566 466
315 -738 75
-179 468 145
711 -737 -299
426 903 -455
431 656 -362
654 754 596
976 974 -844
-788 -738 -425
139 582 206
904 -432 853
-728 -983 272
992 -316 -795
-864 -415 -169
773 -970 435
-164 330 -913
-479 593 780
524 210 639
-853 -894 -494
195 122 -607
-122 -757 -720
135 -986 -239
656 905 723
268 -245 566
685 150 -852
-468 317 865
162 27 -253
948 -552 -855
161 -767 -182
174 855 -799
892 118 -323
-117 455 -850
-300 -755 622
533 -227 215
-429 -823 -824
-480 -716 -321
200 -525 399
-877 434 841
80 718 327
-886 686 260
-556 146 274
-573 949 -772
663 755 -55
-499 -890 -892
628 -251 913
-658 400 -722
527 -991 115
600 250 43
-433 -331 -674
-574 -554 -366
425 -838 -98
-922 -456 455
-400 939 -512
-594 956 175
-817 511 -780
-350 755 -571
-962 355 425
20 0 -711
246 -732 -197
81 853 473
-900 857 -556
162 -696 -508
-228 306 -347
84 227 -57
824 661 814
772 486 190
891 -285 165
-281 -290 -298
-238 721 -140
-397 918 393
-559 485 -352
765 -285 -363
424 361 573
-930 736 -208
780 360 326
-483 493 449
956 -310 -397
-715 -323 595
-151 308 -942
-447 34 -393
-445 943 -60
-345 284 562
-12 970 -949
150 762 419
-828 -560 -240
-584 159 -875
-902 -926 197
-212 592 -312
-387 -962 -549
473 -532 993
28 -918 255
159 258 748
833 -395 -57
-246 290 -253
-479 -379 -339
