1000
0 0 0
0 -3 5
3 -1 0
-366 -739 868
632 230 -611
-814 -219 779
-559 609 486
959 98 -592
-298 -918 -177
877 406 -679
-961 949 577
-157 -544 -123
-393 -205 -37
792 399 -678
726 809 -835
-215 897 -230
307 -522 463
-458 -332 939
-426 -517 -586
-995 272 -626
740 -404 -150
377 506 -969
-321 -329 828
890 -974 313
-413 -554 981
-372 -122 114
903 -189 423
-944 -812 194
566 -106 310
-884 -532 264
-218 -899 544
-819 -956 126
434 522 -353
-49 -258 -13
-477 -151 -517
331 94 638
-229 225 875
-871 -687 -301
-793 683 745
-771 -965 -325
-528 919 322
582 -349 409
575 -377 -717
-925 -801 395
441 -612 -318
-113 -252 -819
-283 951 458
647 985 697
866 795 760
-903 -465 112
672 -532 -833
-204 -67 -209
283 340 -749
-633 -769 -142
-48 520 -659
2 -698 -461
824 590 11
206 -309 -723
102 145 -181
-184 269 529
-788 -880 720
-528 -406 -680
-274 -274 -143
409 727 100
423 12 888
-208 -439 -906
813 -818 -231
-592 579 -147
426 154 139
710 -466 42
-331 -625 44
-417 157 -786
-502 509 800
819 -526 -852
-569 -4 -402
471 -693 -957
360 615 -555
-459 -465 -901
-88 -200 -938
165 -212 -573
-523 -945 759
-913 -814 -581
243 811 425
51 696 985
-416 -799 559
962 -996 727
-227 -959 899
-447 -605 -251
-722 -356 -223
14 -988 865
914 -912 337
950 921 822
-472 798 -195
373 -599 -324
711 -875 694
-410 -209 24
-851 986 783
-694 34 -11
363 881 -988
699 -984 681
-170 316 505
205 -113 173
123 -690 914
-963 365 -334
200 -240 -53
590 775 -830
298 638 -369
-84 -970 219
-743 -757 530
-534 624 -87
436 500 -85
852 417 -158
-64 -776 100
652 136 -345
784 733 439
961 -571 -841
-599 764 194
-619 -56 -112
-555 -495 500
-395 602 -84
-229 -183 -523
-197 772 -642
-788 299 -56
-584 -160 479
429 625 -415
208 -445 12
-586 -633 17
-542 727 -709
-159 -488 652
748 194 -870
193 -719 871
180 -724 -125
-701 132 -525
-298 661 88
-743 649 -197
-765 918 -936
797 603 861
-783 -612 528
474 231 -634
-356 326 232
-493 -714 -218
-942 -403 -466
858 663 -508
-936 -995 -15
272 178 -974
427 637 67
855 901 283
-369 888 -970
348 655 170
815 -186 -995
403 -813 650
-657 -767 -257
855 -194 709
-688 -6 -772
517 377 -426
-356 211 319
-228 33 -285
-644 -935 -484
443 168 -906
-604 741 575
-704 702 -455
-660 -534 17
431 521 -621
-109 705 395
-166 407 667
-771 -454 -876
207 -577 609
-194 209 -588
-921 -780 -928
666 -348 464
-415 -149 -113
674 881 437
276 -296 -660
960 115 18
785 -492 791
-349 -31 -240
91 635 -404
-40 142 624
-128 775 747
-601 -746 369
-767 838 65
449 -35 193
-755 979 -282
632 999 -297
914 -635 -566
46 -876 -663
60 -175 734
952 491 698
359 949 -220
320 -461 816
475 336 115
121 595 -292
-318 -199 -79
209 -31 -769
-718 755 0
-400 -805 506
471 317 -841
-266 -938 -572
525 -631 619
856 998 977
883 478 630
-172 -951 -443
-691 -729 -905
294 -634 371
-13 -84 693
480 -418 -289
-584 -12 575
-906 -541 488
-786 -788 -39
-110 44 960
-882 -938 -559
494 434 -429
379 600 601
-625 -530 275
-274 287 498
237 148 620
-368 -500 -416
-948 261 888
-630 -936 -954
847 -569 -454
-999 188 303
667 560 894
-91 819 516
-215 -634 79
778 -827 669
-429 234 -990
-900 -340 -887
513 -859 -854
-372 -505 309
-830 -321 -281
-531 -628 692
-487 -68 651
436 679 -876
798 870 248
-38 685 223
158 242 652
419 -458 613
-955 393 195
366 493 502
-355 -329 473
112 -345 873
-127 714 991
-3 856 637
889 960 -933
904 -490 -351
-837 -606 450
-62 186 363
-425 -569 -323
-240 785 510
629 -101 -698
938 43 210
738 -216 564
-684 461 356
-423 -805 300
966 615 780
685 -406 860
803 -107 -323
281 594 -208
826 -423 364
849 -777 -291
-998 -816 284
-733 -548 774
-143 -984 -806
-508 289 148
685 337 755
-732 -963 451
-420 520 -962
170 560 262
-845 -57 -772
15 435 -362
437 -554 -22
0 -98 -610
-519 294 -307
-118 -621 26
-656 -846 61
-739 320 666
-678 -701 449
-515 345 -646
84 -217 193
443 302 841
-364 -470 -139
885 958 259
849 -973 844
62 42 -696
-140 759 656
-801 4 746
180 -652 774
-197 -98 136
419 993 217
651 129 -77
-148 -110 -67
-184 -112 -490
-863 -671 303
201 575 -607
-181 -678 351
-441 -31 -808
-40 -656 -224
935 692 -530
328 -320 -386
-286 687 52
-404 40 -988
986 -773 908
872 543 797
210 62 -63
-934 356 -19
-800 764 -667
265 -775 -273
-729 487 953
502 602 -140
-355 -658 165
-760 714 -666
468 -718 -109
-885 162 -673
-568 204 -862
-790 735 980
533 15 496
-804 -136 -398
405 68 -446
530 275 144
-374 426 -145
-473 -635 819
843 -489 75
-215 -778 246
-841 469 54
-738 604 -956
-86 726 848
572 -329 155
-357 -711 383
215 124 -510
465 -341 -6
-647 -970 -493
785 963 942
-659 -936 346
718 -259 -818
869 195 587
653 158 996
-411 -707 219
-764 506 32
779 514 648
622 240 -812
-919 -146 411
880 285 -215
-127 855 353
-142 -349 775
505 161 -648
-688 -32 245
862 -955 407
964 168 -407
780 239 -152
393 48 266
-413 -273 481
511 -931 827
168 -966 143
-919 -806 -904
661 -483 -413
-391 624 548
184 956 -331
-167 388 159
-113 800 -514
-269 -306 -488
957 -80 -167
-789 -184 810
614 -334 -513
946 -584 758
781 -715 -744
-711 914 267
-34 145 567
36 -5 -401
45 -387 -424
302 -428 -637
197 -630 -864
-1 63 253
405 468 -153
-32 -335 245
198 -80 348
-332 -844 -867
-728 573 608
-932 -421 -223
294 302 624
194 213 597
975 886 -869
186 904 155
417 -275 567
-758 407 281
207 229 -452
10 828 341
-685 332 -695
33 -155 -934
466 863 154
-547 -644 586
-360 637 401
-946 992 803
134 488 220
-474 315 -912
-613 -736 -888
767 -135 569
-558 925 -44
-800 338 595
158 -202 619
-47 903 913
408 710 926
447 991 131
-420 -836 -179
-750 -759 -942
628 959 1
388 -227 -435
318 616 -690
70 154 -581
713 514 300
-129 473 354
-313 482 221
42 -386 -514
-933 -902 892
925 -709 136
46 -179 -564
97 327 229
315 761 -852
-628 90 369
70 -174 -456
345 323 565
30 881 -42
-838 -386 906
-919 123 413
936 -191 881
-425 -463 577
-259 355 -84
-677 -935 773
-285 -673 632
-502 705 -938
243 -761 -23
99 888 -110
533 -988 -310
-284 -386 496
-951 -24 -130
-617 687 -594
466 -971 480
628 515 -15
117 -210 246
-333 130 334
899 -958 471
-27 -45 -298
-641 -317 77
993 992 -147
-747 337 -328
289 -541 -979
-285 -91 -537
-43 -879 898
-617 -605 -572
-479 186 -218
226 926 -684
532 231 -157
-214 717 363
-261 754 467
-815 435 -320
554 -436 606
-691 -633 31
-435 -207 -933
-471 -548 477
607 -695 820
347 615 -753
615 986 -383
-232 -929 -473
-708 -918 -250
-575 429 437
287 -343 -79
-311 -623 229
768 198 -733
679 -424 -705
-298 645 -633
-714 862 -208
550 665 130
-171 613 172
543 253 -284
291 645 -311
202 -887 -79
116 330 468
-99 -449 -878
463 -641 -286
484 -61 206
-240 -13 316
-958 360 217
-380 845 667
-343 -638 683
-583 -303 596
542 -998 98
-435 879 432
630 84 52
469 934 -694
-542 863 632
-993 400 403
-826 -676 -661
-916 -77 -159
-722 -361 283
162 -627 99
-812 -199 181
-129 799 -569
233 96 654
-579 -457 -862
-804 796 -140
242 779 554
-128 297 385
-542 -577 -957
29 -443 -373
350 412 -342
-529 455 638
-471 261 301
612 995 -770
-866 -992 538
-218 -288 -33
-161 -189 165
-356 -594 691
-344 -794 60
-508 189 98
-850 775 135
510 -460 -653
-953 160 785
-449 -594 317
213 942 583
822 -564 -507
700 857 818
-401 -325 276
-471 -261 261
-846 -294 404
-848 368 -411
-587 -466 219
167 879 159
681 703 80
-689 466 -208
-179 413 671
726 695 168
-225 885 -176
248 -889 -923
-63 946 -885
489 664 830
-999 -386 -240
-710 -34 890
289 -79 707
538 94 -765
411 -287 968
342 -840 -287
814 -569 699
-964 882 373
451 -962 191
121 332 300
389 -428 -393
-632 -173 -332
-188 -263 -129
-106 -781 -396
-135 -580 136
-329 789 -611
473 -38 843
361 862 -194
347 862 406
-786 161 -118
-484 -726 751
-679 -411 -232
-118 -554 2
256 662 367
674 637 481
443 -663 627
-6 -633 528
169 233 19
-124 -596 755
-106 -481 134
-571 -166 357
590 990 941
-792 797 0
631 -239 812
-814 918 -535
-213 481 309
114 -508 122
-798 -434 162
-836 -635 781
838 -617 -253
619 265 186
543 439 -751
-968 946 85
362 820 285
526 -485 -907
555 -219 -153
-442 -416 395
-262 34 -573
-566 522 166
-861 155 591
225 885 -692
746 -81 895
747 233 -898
-910 922 499
722 -344 551
-741 -496 -199
191 -715 -107
-343 712 681
-621 -681 164
860 308 -914
-985 492 -347
-85 -444 -684
-289 -560 582
981 -224 -293
-109 -622 918
-495 729 128
221 -767 -978
36 266 -323
582 -190 741
-663 808 865
-115 945 -907
518 871 -275
-595 522 -509
-466 405 988
-524 -121 -439
-141 -484 29
833 -845 -922
-334 709 941
746 -398 -935
935 -847 432
-591 -554 -899
-606 650 -823
-484 -63 -738
-91 992 -482
558 -181 -978
-442 333 344
-523 650 -689
-911 -289 -947
534 -486 -558
404 819 239
474 -871 387
-633 -728 616
961 -943 583
-291 171 13
-788 194 558
-507 -172 203
714 -449 -188
-167 521 -738
209 89 667
732 864 451
-876 -484 -805
156 -961 78
-461 -166 890
59 917 386
176 23 727
-674 -614 -773
-551 -79 582
-341 742 452
-696 -375 130
54 -558 758
-670 -852 816
-999 256 -30
-395 -715 371
539 578 308
349 -687 -16
344 -744 -344
-62 -487 -80
367 766 -993
403 -903 -746
306 -456 -720
788 579 686
805 84 891
989 -986 -946
862 159 -41
-637 -998 957
835 -521 -511
-348 170 302
264 -293 852
-510 -955 -283
-917 848 32
307 -611 645
-229 149 216
-118 524 -934
998 47 409
-862 -463 210
76 473 -63
487 -340 794
137 -994 -864
426 679 -350
782 -730 343
-641 774 -745
81 684 13
-966 -505 129
-200 -990 923
92 -393 492
-237 344 -883
65 -507 442
-402 -123 -531
970 -542 74
-605 445 773
253 -158 -664
-471 -221 -910
900 408 -200
343 -121 720
-618 -184 3
-438 -407 -903
372 389 -725
925 -518 -427
-707 925 -678
957 181 -975
902 -305 77
370 125 658
-623 -107 -152
-783 -252 -478
196 18 213
-195 -760 38
-651 852 -868
293 638 246
581 -731 988
-240 722 -935
-450 -119 -225
739 887 94
336 939 -614
-976 987 80
-311 583 -335
-359 773 -232
-80 459 104
-758 6 -496
323 -277 347
18 -67 316
209 -54 -55
93 678 -505
-184 -545 735
471 179 -483
-61 765 414
-728 688 688
749 -299 446
-233 817 37
-654 -567 -127
724 -242 -979
-578 -576 918
-715 656 -213
110 -271 572
-291 66 -219
-487 392 -704
-777 62 -115
684 -334 -901
-25 -545 298
607 354 863
-849 769 275
-589 -9 129
-439 -410 -451
748 -504 -34
-44 -69 -913
903 -965 -940
570 -492 -278
44 994 -928
-426 83 -90
-786 -571 -582
-76 239 -19
398 346 -934
294 -942 179
991 -691 -169
-516 -374 38
-754 -481 -607
878 548 -771
64 28 718
271 786 -206
-563 -165 318
-939 859 706
-35 356 -477
-497 -625 -763
-743 262 623
-688 322 264
-10 -509 812
-826 349 523
655 352 -884
321 149 703
-135 -603 899
78 646 691
-117 961 -263
218 815 797
191 -996 -357
19 956 831
-324 -760 664
583 773 145
507 490 -203
-728 -24 35
-894 -977 509
250 930 -61
-771 -312 -471
-904 439 -426
-438 -757 -25
-842 -677 63
-325 -819 687
-501 -76 236
294 478 -800
873 -873 99
-521 -927 673
814 402 -882
555 272 -860
-549 -959 -559
-599 24 -494
-276 885 -823
-785 850 -173
947 676 597
148 -929 410
-235 494 855
401 -548 955
-919 460 292
-944 -441 -877
-341 859 -674
-598 -250 370
383 -43 545
-887 478 124
524 264 297
868 159 241
560 -755 2
-602 528 397
773 261 -578
897 -831 -206
32 381 662
534 -869 286
697 -174 209
295 351 -132
856 -271 956
-788 -770 584
-921 76 533
233 -2 937
796 -851 -490
-208 -725 -820
388 67 -746
823 -362 -182
718 4 -360
945 -4 227
180 -470 -737
290 950 644
1 -737 -836
96 -751 983
594 -38 -209
331 -437 867
913 -441 652
25 -547 426
505 665 857
702 541 -150
-756 -563 948
-26 152 194
364 -737 798
279 -216 -927
711 311 -537
-722 -41 706
-706 190 -746
-199 0 333
-782 -305 366
873 -753 680
845 -129 -246
102 60 328
-362 -913 -317
-622 -934 81
-136 897 989
-250 -138 -730
305 86 233
-938 601 419
-829 505 -108
160 200 -972
723 -126 -474
690 930 136
-990 -810 371
584 -69 710
-686 -757 -646
-509 307 613
-13 576 -746
992 -440 -317
820 658 218
971 -549 498
854 -177 630
175 -423 -880
705 670 855
-331 213 -500
354 99 344
-397 709 836
171 170 786
-379 257 -309
168 -976 -900
-161 140 -785
-287 -945 277
506 -172 22
-807 671 -26
838 -720 -449
-672 730 -164
652 566 73
-533 -321 518
-544 -632 618
562 -486 817
-858 -173 -546
759 -175 219
-474 -445 579
538 -773 -64
790 -314 847
-802 -19 -55
970 641 441
769 118 -744
-112 -337 736
467 -830 -694
-563 391 33
-679 -392 927
934 61 704
-941 611 627
54 363 261
26 -59 -89
183 -560 275
-362 -277 -353
36 362 206
-609 998 845
883 -394 -683
500 -321 -225
-769 -422 -14
-456 253 242
664 -469 155
562 726 -873
-835 -890 825
-35 -381 -124
-250 -920 144
530 676 -433
860 -834 487
-990 -414 -720
106 308 -459
234 -910 -728
-680 651 169
380 -485 -39
-417 767 156
278 743 -506
343 -137 -847
291 786 303
125 -90 757
257 447 -712
-976 -57 -321
-155 508 -516
46 158 148
662 270 -728
894 521 659
326 124 416
-811 365 -674
-21 365 -108
509 885 -178
-365 -204 126
-410 51 -221
62 -280 864
-272 404 69
-346 -73 -780
847 861 264
253 -483 -605
326 735 599
144 -708 528
999 112 627
575 410 557
177 279 -596
-131 759 233
-468 366 353
391 570 248
-932 -564 -513
0 -354 723
491 -891 966
-248 845 238
565 -418 -38
-765 -354 -183
581 943 -279
-364 891 210
-656 -383 349
266 132 275
-215 277 874
-606 77 804
-571 916 -625
-686 61 277
-382 435 455
-294 -832 -79
-741 -121 -851
-35 -891 -759
775 -663 236
-620 -349 435
435 -968 764
-75 -881 414
501 315 -283
284 -773 -948
18 -507 813
-721 -180 -95
-597 54 319
134 -349 -244
-509 -611 -241
-702 484 179
414 -287 -510
-203 -410 -394
756 972 -715
86 -266 -147
566 -973 50
10 -92 -656
-917 225 410
-62 -181 340
555 -436 775
839 -436 147
-971 221 489
168 -445 385
340 -687 860
-672 789 250
-610 709 350
-895 964 986
525 825 -500
-956 604 -454
466 -923 256
899 -326 -639
840 -372 47
-683 167 179
-335 -457 -935
-537 278 846
481 -352 36
-373 312 -711
