1000
0 0 0
0 -3 5
3 -1 0
-20 -678 -723
-161 -65 632
-979 904 102
458 973 -951
151 -519 375
-164 233 804
-34 -979 269
769 -282 -427
622 752 623
301 -517 -840
-571 -229 -450
-947 -766 -379
173 -549 -474
-146 643 -858
-999 369 -716
-130 -556 -37
558 80 556
4 -284 819
75 -891 -915
310 -624 -838
-861 -397 -791
-747 895 -184
316 596 -322
748 -4 -590
-770 842 -862
453 83 -403
961 -152 -75
467 200 184
110 -26 652
-970 -252 -973
-897 88 571
-186 -223 755
-524 -356 790
458 -807 -263
-455 -567 21
926 650 -912
-577 -415 144
-651 203 388
-751 190 805
-127 -340 -514
-54 -749 -601
486 900 92
302 584 788
539 -859 -942
-685 -244 -365
913 -778 -77
-487 216 525
157 323 321
-296 136 784
-912 -6 916
-850 635 331
707 -361 998
717 526 -887
-449 272 145
936 -201 332
-245 -443 214
918 -770 -787
432 -686 -940
-188 717 270
-653 -565 899
-222 -243 226
464 9 -908
475 -62 -388
573 412 848
104 182 -60
89 786 -399
-284 976 -489
-525 568 -864
-179 619 343
-880 -203 -154
-307 -512 -817
-507 820 37
-11 -777 -943
-314 -55 -194
831 879 556
-790 -896 562
-619 921 -534
640 -466 -647
494 -142 192
-116 -725 591
625 -949 -689
84 487 -162
-609 -325 -710
75 -255 -5
-357 -437 932
240 -35 513
314 523 -876
431 -640 -727
-931 53 -763
-584 -808 -598
-271 -63 -946
-332 -11 244
-111 -279 -884
397 -458 -583
939 -80 132
-155 310 -139
24 621 -933
426 956 539
-943 -479 442
-750 320 148
-980 633 721
148 395 737
783 966 -354
866 -897 -695
280 -930 -725
-410 748 981
213 1 737
-327 398 -137
-777 -369 -673
175 -235 754
84 -627 996
-118 -502 286
-858 233 277
101 -853 -725
-95 -565 -315
-307 -31 213
241 846 -618
593 -71 894
-398 -303 333
130 -650 -950
-903 454 -429
257 -142 811
830 -190 621
-35 350 671
433 231 256
315 830 56
238 -154 520
-532 -838 -254
-936 532 453
237 426 184
-563 -65 -975
-390 -201 163
-103 -953 -965
-377 975 -285
-701 -998 -752
700 241 -857
-174 -965 257
193 -577 805
666 -541 -472
267 -123 695
196 -772 -784
330 -555 836
331 -268 -457
353 -80 910
476 607 124
532 -704 -999
-577 229 981
-909 13 154
185 -116 -200
4 816 288
524 522 289
993 -22 749
-524 985 960
300 369 282
-900 729 458
73 -232 837
-576 635 823
-932 404 -729
-591 491 32
983 -888 619
-764 244 313
-874 -7 736
253 367 -825
-799 -662 318
-308 249 -277
43 -880 353
-740 628 699
475 224 12
-908 311 686
-965 -472 64
-825 -5 -627
815 -855 686
765 -231 740
-796 -190 347
-118 448 -343
-920 947 292
-858 278 -688
-626 727 93
61 378 65
306 -568 -841
-732 -213 92
-32 998 -81
-678 417 -74
461 273 -56
856 362 616
-804 -783 -683
-24 805 564
679 -415 729
-56 573 -857
-607 838 -229
-423 635 -405
-573 537 220
968 -939 -573
-238 -357 -297
416 316 399
99 524 -649
790 18 -280
898 -262 515
356 -682 307
487 932 367
379 295 36
-653 480 -93
294 -447 -929
259 -46 -622
153 143 333
-963 109 857
-892 545 -66
-352 -105 -562
666 66 813
-920 -54 -98
-351 -471 612
-505 -332 434
-477 -968 707
700 -847 -448
669 492 305
246 -134 959
-335 -392 -531
980 966 -842
184 -973 77
523 -473 737
164 -469 -832
-179 -7 761
680 -738 -357
5 -369 456
-350 66 -793
975 533 -330
35 -994 803
371 338 -829
61 -524 386
-638 -190 -377
-691 -889 425
-29 705 783
-626 632 -872
-496 -369 101
460 35 -807
309 -827 502
-720 -915 975
855 -478 235
159 -160 660
979 269 -168
857 -337 -42
-905 -204 -188
-13 -453 -789
-425 996 -823
-493 415 952
827 279 -226
-684 -154 347
-677 787 756
411 -233 130
717 619 303
-982 -738 -904
3 -76 265
-467 951 -158
103 161 521
565 -102 19
153 3 -634
485 264 107
618 -995 532
-997 -947 -509
-470 -971 537
-466 73 -590
-159 523 -521
115 -713 -217
-284 -40 431
881 -875 433
674 -876 -591
721 207 155
583 -878 -776
656 -377 -992
134 750 -997
290 285 -687
-593 -78 971
-602 346 -596
676 306 -899
-640 430 72
-355 -99 721
563 -750 -561
548 501 288
291 -943 213
968 -825 939
756 -626 -271
-501 959 -587
-308 -804 98
334 -770 -275
-188 -621 959
882 720 620
-587 -64 509
383 -184 -587
-338 744 -112
-557 218 176
-449 59 -920
679 806 -209
260 684 -705
141 -672 544
-575 22 -37
50 -797 380
-870 -22 -920
-90 438 -207
-790 758 -870
-735 -556 -11
409 -330 373
-284 -153 -924
22 -371 -225
353 325 -629
667 81 960
-558 -66 663
-259 -546 878
392 -582 138
219 -340 -312
131 -85 696
-481 -199 -222
-61 -517 -118
-770 347 985
289 -978 -241
341 -726 721
676 788 -663
685 752 -170
-505 -66 -431
384 -176 373
315 -408 -246
-638 -499 854
203 499 800
607 -978 -245
-466 -62 597
765 -546 548
458 659 -39
32 -577 -837
-31 -121 543
422 399 602
44 924 147
-28 171 -701
-357 817 91
-728 5 875
820 -253 -952
596 121 -231
-298 620 739
-77 998 -565
-739 -86 -936
-838 -99 -903
551 -964 320
531 590 875
10 -388 862
-883 614 -430
74 313 493
302 -366 -120
-766 -226 145
-202 310 77
167 570 -96
291 661 832
-103 93 -397
106 616 342
-948 271 729
-500 -922 674
-667 987 -400
-951 -758 586
178 -545 -280
-884 -953 -349
728 -173 -559
-98 373 -383
-574 -440 550
-288 135 -588
-236 -384 514
37 269 836
117 907 -716
-580 -602 -162
831 -238 -848
92 -944 -159
-461 -336 269
-465 274 571
-115 -139 -546
947 -212 968
232 -906 817
-846 580 -417
-701 -505 420
124 -573 746
541 -753 -299
-367 908 -737
-142 475 985
480 -294 -986
842 848 955
603 355 85
438 -515 694
-529 -436 -724
-447 -231 630
-746 -554 -49
-315 582 -847
894 313 -498
-640 812 -577
-719 452 300
115 -53 625
72 824 -365
717 -234 -86
-112 491 -258
304 -623 706
-185 235 -194
-942 673 731
-258 -139 -410
685 43 32
904 -797 -400
-616 -374 -18
902 118 579
-926 364 198
950 -406 377
-996 689 -520
-127 432 -712
950 456 -958
-678 -67 -521
125 444 166
724 359 859
-545 560 -655
-356 -777 71
-485 -200 645
-686 742 -226
-888 257 787
62 -139 -589
728 -980 -380
-716 -121 429
-333 -948 -3
-110 -526 710
157 200 820
-172 489 -393
-706 -685 500
493 -277 889
837 522 -883
-602 -12 668
-71 -662 -563
-201 590 752
574 306 669
-486 -816 -680
-832 -205 -625
-680 700 -201
576 -297 399
-369 580 849
434 308 -204
545 405 -872
-140 -996 -656
90 702 -150
13 -350 566
-90 -487 -745
-511 564 39
282 182 491
623 -476 -48
-293 -410 798
-483 -823 879
-356 48 -175
998 658 -97
481 816 452
-603 -531 -472
-706 771 -973
568 879 714
979 -392 -943
40 -916 -23
681 398 -725
-457 241 -941
285 -8 580
406 708 -918
-828 599 -656
-245 859 -738
907 -298 -19
357 -951 366
659 167 -421
249 159 -547
840 373 -841
736 584 -341
-144 797 -969
262 807 369
662 -187 629
500 -788 -286
104 -839 -672
546 -525 107
-728 613 545
-207 122 -229
523 46 -862
506 205 992
-539 914 -71
950 -421 390
-47 500 -617
398 628 878
-358 -123 775
-866 -122 391
-101 -392 118
-840 -42 285
-9 601 -418
-119 -986 -119
721 551 -834
134 -10 489
688 819 218
282 60 809
836 228 -965
52 -300 432
414 -893 -881
-334 -412 -299
-323 -196 -171
-785 907 -428
-754 -751 -124
26 763 -25
483 -732 21
975 65 99
-477 678 -428
189 -130 645
-839 609 386
68 806 725
135 -366 367
607 -908 43
723 -100 89
112 -367 581
-478 579 911
-584 -135 -326
-472 -287 -405
-878 101 -825
364 -356 -729
85 -863 -213
-587 -706 422
-38 -863 931
-288 441 837
-720 -590 213
-203 699 343
-11 -622 12
902 31 -828
-724 849 89
269 -151 -530
360 961 -876
-953 -509 -596
-629 -472 474
-791 -373 -399
-719 670 -802
199 882 -90
751 168 926
218 -233 -822
-847 903 521
167 -594 17
-991 -820 -456
-36 -41 -660
-67 -309 -716
670 878 837
699 -279 38
-281 -303 -178
-483 -732 661
318 647 160
-496 325 761
-252 611 -346
-526 477 964
569 137 -481
-889 -764 336
-123 -649 -970
705 408 401
-967 863 -400
-146 -48 -902
-973 287 -266
24 554 400
618 -448 780
-707 70 -233
-845 -364 -194
575 888 616
546 -162 437
-530 -954 -111
-537 -861 -669
-872 -472 314
962 878 -13
24 837 767
-557 205 225
5 933 472
-491 696 972
-553 -389 -207
-205 -408 -808
792 -499 590
-258 54 -738
722 -653 197
615 -268 727
-747 -943 641
-415 -787 -627
-662 712 -909
194 761 -719
-288 300 22
-276 354 1
457 -729 -77
-422 81 -508
-371 -54 -293
-941 -282 929
777 614 -145
177 729 -54
785 -107 -593
-794 264 -48
983 -378 -248
-469 25 -288
-315 -413 296
-754 -461 -698
-278 -399 -943
-96 664 -659
-101 -594 -352
-813 177 973
354 -72 -686
-534 -653 -780
-158 -119 -570
-50 524 882
-31 728 676
-26 -473 171
146 87 -154
326 -742 -353
-323 873 361
-814 -166 -649
492 377 196
178 -164 -190
-211 743 584
-130 402 -790
-995 -549 577
958 -883 273
517 495 -630
-458 606 276
-79 -958 -595
664 89 639
-387 -302 805
-906 149 -628
296 894 667
-143 -900 74
-667 -52 615
549 -89 618
-607 377 -492
-412 368 117
-322 -151 -430
463 397 -302
357 -118 -154
-378 596 420
650 -109 -265
80 500 876
-539 482 -754
495 -19 49
-155 524 -162
-443 -770 -413
869 170 377
-896 501 934
-44 -962 -925
-57 -165 589
-150 645 634
-183 59 554
-93 852 507
-938 -426 -895
-472 576 43
-930 -969 -220
81 -613 -827
268 -915 474
-119 90 -923
-45 -238 -838
-70 18 441
482 81 -352
925 289 -156
887 247 -170
897 -300 128
-415 -802 -424
-226 138 -76
251 -86 360
601 607 628
271 -758 543
-375 -943 -39
934 971 164
-168 724 876
88 -868 -832
756 639 -97
-90 -380 -483
-123 -750 -357
-728 -581 -210
548 868 795
-460 185 54
-422 424 888
-740 -269 452
-417 -536 -801
-840 -114 834
471 -164 -66
237 798 -103
-145 -81 -169
-351 723 -81
-835 752 96
622 223 -467
-838 -880 146
-456 619 -524
365 -964 910
256 125 338
-352 -778 -683
855 57 275
-300 -983 570
-371 50 -292
945 -537 616
-69 -575 247
-450 99 179
-612 203 625
993 -199 -116
-869 -506 425
732 -633 -744
-402 884 365
700 419 -582
-836 425 -536
-233 77 -845
-405 -440 -894
871 42 549
940 -346 -194
315 -143 -349
822 291 366
955 356 -818
-428 646 404
145 -867 -421
-756 906 -517
-471 793 -265
223 -776 -569
-214 -169 -723
654 -702 -163
919 811 -838
449 522 597
-703 -996 -412
-560 535 -487
283 41 -852
-643 685 -33
712 -911 -50
376 803 -516
251 -510 648
-995 237 -932
970 -951 638
-55 758 617
-364 746 -629
-22 885 267
-919 84 369
529 554 -534
422 -226 -485
501 439 27
549 -411 71
-668 793 -649
-955 577 804
-192 205 750
-536 735 93
396 -130 -928
660 -411 781
434 765 292
232 324 -591
15 238 -547
-880 882 707
-553 -985 139
-167 931 -549
-976 -413 -40
612 248 -812
-563 617 -679
821 -519 -787
165 -234 -254
813 -597 -382
622 -351 520
-683 253 373
-142 -180 264
998 -481 420
285 757 -943
-139 -700 811
-797 -30 197
70 895 -633
148 -772 -259
-475 -185 830
598 600 -615
712 338 85
-405 40 600
-661 832 193
-48 -972 272
155 239 -813
60 967 751
-50 339 414
466 -47 988
617 -354 999
-569 -898 -905
-546 -313 5
-536 842 -750
-269 -218 108
-367 -606 592
435 -395 -84
855 -593 -775
292 911 -863
513 977 930
650 -950 -757
805 35 -833
-258 -965 -626
-719 3 459
-934 719 -235
-501 961 634
347 -515 605
939 121 -969
990 184 51
-499 810 -811
-967 899 -941
-455 64 968
315 -532 29
131 638 587
25 -867 658
503 -662 950
973 950 655
-563 -646 -83
-591 -239 661
698 502 -346
311 667 -59
-133 797 -760
-483 -983 -824
602 -132 101
629 276 -193
101 -914 642
-347 -957 912
987 229 -703
811 151 -894
-368 -282 636
836 -657 967
545 -352 -976
217 473 514
114 601 -70
415 793 -716
719 -782 -231
-289 516 -226
-789 938 129
-211 986 -881
690 -576 -550
-229 -447 -302
-915 81 115
-706 132 999
-812 -556 767
-270 456 260
-194 -387 -191
-283 -380 36
-964 -859 -212
532 -930 8
-559 -750 -873
-922 -397 675
-916 -757 -624
428 -256 -359
-240 548 -775
524 18 240
-791 -578 165
-646 68 -560
473 693 -694
-791 270 -347
-862 -746 -986
308 -914 360
-458 -750 -400
132 -427 -468
-878 -843 -139
671 -224 108
-152 -982 93
-48 -753 285
-29 270 9
75 -180 -473
452 -70 -795
615 -96 -485
-474 -688 866
-724 -584 281
-372 -824 -920
-153 -523 480
979 963 -307
473 892 505
-205 345 -883
-621 -451 244
425 468 -687
84 598 810
-168 -530 -880
330 814 -238
-784 -60 -48
653 602 -118
10 521 -666
35 642 124
270 -144 -126
323 -245 579
771 496 -509
-599 987 830
-298 -269 -296
-739 -275 493
934 57 -936
-400 610 -501
771 -413 648
-133 541 19
-519 643 -411
-468 -27 611
-801 650 -988
-864 -849 591
968 -287 -983
51 -985 -17
932 703 -390
-634 -710 -871
459 -523 307
-207 809 -280
-956 259 -227
-612 853 701
684 616 216
656 -902 -345
507 -18 465
113 695 794
197 203 -497
537 307 381
-499 -599 69
-385 61 493
487 172 918
-968 973 982
591 -711 -581
-891 -796 911
158 -820 897
932 -336 691
-79 -38 339
-51 898 418
-754 779 -10
-741 270 713
883 -146 -987
525 -906 -320
949 -230 -500
954 868 -193
-790 726 238
394 -91 -945
359 312 526
-976 -111 820
-334 428 -728
231 -51 -314
739 773 508
553 378 257
-336 -203 -944
664 335 115
-827 -809 141
722 158 848
865 -649 442
503 598 -818
-306 753 487
229 -383 -156
390 365 -898
-26 -502 89
618 -72 468
-703 103 -312
34 -76 190
448 16 969
-868 142 -479
-880 -52 994
-807 -110 -521
409 292 -962
920 350 563
300 575 -169
-387 -385 -6
912 109 461
-620 -270 -798
565 959 971
-469 -831 708
-345 -164 -425
-833 300 -949
514 -829 783
788 -903 -820
-411 -488 -916
498 52 224
824 580 893
-41 385 790
-913 721 -195
-426 391 -14
-744 453 239
699 312 589
-115 -439 910
378 -738 -562
111 401 578
-481 -449 -435
926 -122 -195
-387 364 -447
70 -552 466
433 209 429
-8 852 271
988 504 -83
836 -856 577
-624 231 -808
339 -874 -283
607 -407 622
-454 -84 -750
751 -791 806
92 954 672
120 629 -216
-175 78 791
-181 803 356
126 496 914
52 481 308
-130 564 786
722 -996 345
-779 175 105
102 381 197
988 274 -846
-397 -253 -662
-219 -781 -621
670 562 807
-65 -168 -491
-327 -223 392
-290 7 -217
-811 559 -244
814 212 -432
-552 -118 915
640 -115 367
-666 -3 714
220 300 -390
921 735 -399
-428 -65 -439
165 248 -532
202 674 -53
-241 378 -563
-153 189 -759
-339 809 347
-404 41 -795
-695 -620 887
225 -664 -387
500 -71 68
