1000
0 0 0
0 -3 5
3 -1 0
422 545 -850
922 699 -887
123 -606 -958
611 969 892
944 -558 -255
703 536 -797
56 182 976
962 843 51
680 -681 221
687 734 -99
986 674 -179
-43 -413 -555
452 194 451
118 -299 -718
-930 860 -190
-139 612 -112
647 81 -740
-87 574 419
993 239 -152
23 900 516
-492 703 232
-109 -226 -639
663 -5 206
641 -844 825
894 55 243
735 576 -138
-775 923 -386
-26 -977 -491
976 -334 -896
-787 510 908
417 -8 987
824 -586 -393
-215 -183 154
305 -732 753
888 -906 -738
-919 4 774
-194 678 -685
-904 -589 -962
-653 4 -789
-84 -672 605
-464 -41 -812
-598 -604 240
-201 842 177
401 -347 -638
390 233 -75
373 -849 399
-976 728 404
608 283 823
-225 997 10
-877 -809 -433
941 -307 -236
-64 -874 -744
-48 136 397
383 621 889
804 682 -350
215 -306 811
-924 38 -544
219 845 791
-82 -634 -954
-150 -868 88
313 -722 209
-572 657 885
-190 722 -538
-779 -363 -336
530 450 -785
65 -967 609
355 -307 238
113 -498 -797
742 307 -902
-767 -59 -37
719 574 -147
124 902 323
-982 -609 -102
790 -344 -258
-999 -625 -663
-553 -362 -145
-743 837 -237
770 363 -792
418 -554 933
231 79 -494
745 -614 980
-480 243 -360
-283 -807 960
420 -104 864
-785 246 442
45 155 -979
273 -574 344
-138 -112 393
642 474 346
-831 -987 785
299 -22 706
756 -734 -518
227 823 -137
-249 -385 989
-699 59 -393
139 -191 -612
303 -331 -981
161 -229 264
171 -313 -49
941 -541 928
726 141 528
545 686 881
758 578 521
-487 -628 695
724 -321 725
603 123 85
-200 484 186
-698 -577 -209
-184 976 -645
775 -891 -927
810 -796 -412
-179 951 -421
-292 560 -859
792 -480 242
-71 519 50
560 -281 -362
-611 19 -666
150 100 -725
386 -769 545
177 -438 922
-446 -780 779
-753 821 -965
247 613 -342
-187 -13 709
843 -341 915
-955 -196 -7
-472 -593 534
701 -705 -165
350 569 844
-543 -57 126
-6 232 837
-489 -868 895
552 149 -948
840 -257 195
668 -874 402
-553 784 -105
631 -345 -884
956 -534 -393
-39 179 -716
889 715 45
-278 -117 -71
-739 -206 762
575 301 331
214 910 -209
521 -540 -505
-243 -231 -551
-281 -209 -632
-118 -827 242
721 523 -954
-460 -117 247
900 329 245
-208 -204 77
899 -407 -549
-576 307 -170
195 978 966
-586 328 763
-393 -616 -526
412 199 337
-23 12 -153
-308 -964 -918
-124 -696 19
-295 -282 -163
595 619 984
174 -729 729
-129 420 555
74 203 982
567 -821 -164
-218 418 814
883 321 -293
877 520 725
-229 -53 -79
-962 -766 -740
-24 368 -68
743 -670 -83
-232 -681 -895
649 -850 -450
-654 855 627
447 -871 269
273 -525 -657
-302 694 201
618 778 141
198 -671 -842
452 -166 -110
216 839 -988
910 -375 -486
69 -906 824
-828 -784 -697
-909 -207 -407
658 -503 -630
-410 -79 777
222 -75 47
-313 681 126
580 -274 252
-717 -421 54
-469 -274 -644
300 810 14
-976 54 -187
-690 506 -999
461 -639 -678
133 96 -838
-947 844 802
-276 24 464
-278 -508 463
-237 -376 -403
-828 498 67
-386 10 -216
-763 -959 68
-361 -728 -160
958 687 -327
-714 286 -776
418 -552 410
-505 243 -834
-376 -895 -721
27 838 156
129 766 923
269 446 -570
-384 109 -675
-913 -254 -688
270 575 479
765 568 914
440 -160 -798
979 -576 93
-427 -860 590
-40 -109 -914
126 -746 -616
80 198 -649
-766 688 -604
989 -173 991
823 560 -818
739 377 -931
-321 751 928
384 -164 -944
-345 -96 260
-111 -888 -874
-323 148 833
572 25 -828
-399 -679 -518
-834 -834 -195
417 -766 964
244 -984 100
798 847 -901
554 784 -628
729 -741 347
-394 -115 -717
689 769 -486
731 118 655
-915 -50 -835
-989 -602 -887
597 -407 353
-342 952 -862
274 -512 -211
0 -479 -690
749 -506 -246
-963 -163 -373
732 -576 -986
226 -263 -59
-769 -657 856
419 846 -576
512 809 725
939 528 249
-75 675 558
-815 -32 151
937 2 -336
-499 -487 409
-350 -70 253
-347 -176 -481
-807 724 710
312 37 -294
-431 176 -341
-867 -671 -138
605 -601 487
357 -608 -210
269 8 617
-647 -709 -818
48 458 -557
-922 -624 463
191 855 937
293 -499 654
411 -911 715
510 313 -432
-139 271 644
485 148 0
-507 -467 -221
-207 -439 733
866 13 -575
748 -790 -698
82 882 -291
512 181 108
5 553 885
920 -846 -395
-15 49 918
-380 -176 4
624 881 -819
928 -718 -262
-19 -968 107
-54 -243 706
288 -670 -842
-406 -877 8
-556 243 709
694 -673 870
-847 -809 755
88 -620 -782
-478 835 -874
-402 -235 -439
-293 116 766
-591 -166 -117
344 907 248
-161 237 972
-609 -681 784
-244 -51 276
539 -337 368
-27 960 982
-548 735 -832
177 -929 -22
-440 -643 -913
129 819 -114
395 17 -106
114 396 -228
-676 263 -968
727 -830 -894
662 270 -605
343 -845 -542
85 -15 -124
-672 592 -146
-216 -530 -324
-477 121 -767
460 819 -89
-613 -10 734
-446 -239 209
-982 232 279
17 579 -49
-137 937 -759
814 168 -940
896 668 -408
521 -128 6
-540 598 -5
93 583 494
840 241 370
-75 -169 177
-258 491 -776
-811 19 419
90 266 776
548 365 456
-429 405 574
-683 334 599
-834 982 -382
445 684 827
990 432 -241
-948 -288 222
-673 204 819
-428 -980 -667
931 900 260
-958 -719 -519
-345 -908 -839
467 -355 864
116 531 -816
357 -619 -2
820 -547 250
-820 343 -45
-62 -539 -924
-182 260 372
-349 -917 -36
275 180 456
575 -991 -779
-981 721 -228
-500 -398 871
102 942 38
-442 -679 -201
-217 481 -707
466 235 -62
-286 -728 -456
911 -644 -510
243 -90 -692
-903 -204 328
609 59 -144
-583 920 -429
-694 -329 -874
-759 -998 603
-156 527 306
-341 -524 -43
217 453 -48
-185 -763 -571
-231 832 -239
-247 65 -276
-116 -213 -578
-242 -258 622
606 860 -362
259 721 929
-61 -875 893
-682 66 -784
-245 203 663
292 883 322
-465 639 725
150 -207 813
-392 692 -997
-706 465 -354
-82 -246 929
-559 88 431
737 -997 589
-558 870 -182
-554 -791 -164
126 -452 31
526 -957 -102
212 495 898
-302 433 536
127 -571 -650
681 638 -503
-750 768 -174
-648 694 -165
-107 827 762
-605 -990 655
283 -84 -658
-945 -522 -535
-407 749 71
191 -141 -365
894 599 889
589 14 -723
948 831 878
-176 -523 -659
456 356 468
-680 534 -45
54 545 607
833 904 643
903 176 -604
897 273 881
-573 336 516
-515 -893 -345
-151 271 -527
374 -912 -574
411 582 568
965 -199 398
933 -941 -59
-959 -979 409
-937 985 -59
-84 631 -190
-306 406 421
-915 -816 343
77 380 709
82 -978 -58
298 -454 -393
-692 207 196
858 96 830
574 118 75
191 887 835
79 -670 -165
-452 298 8
-58 -773 818
197 742 -799
920 -200 14
7 621 768
-97 -139 919
-471 -331 -584
-861 -66 446
920 -998 -850
137 -156 106
324 428 -532
-44 34 -61
-521 -414 291
770 915 -189
-537 -821 -732
223 235 800
-908 901 793
-243 9 -786
-453 -39 759
918 916 513
17 -296 -134
-677 580 -72
596 -223 -257
115 164 -662
692 -401 -543
-228 395 -653
-29 987 205
324 -727 -802
217 -951 595
27 -409 11
-453 206 -258
920 -501 556
253 666 325
-744 426 -841
-422 800 937
627 438 462
-535 -317 -224
561 577 -792
-662 198 -155
-361 903 196
-566 673 808
-852 -393 503
-973 592 -81
130 98 69
924 -116 415
-975 -746 -826
730 -7 -43
-38 452 -60
-380 757 709
704 -848 -906
109 -319 107
-869 789 437
790 445 143
601 982 -666
-892 186 254
-508 -514 -427
424 -832 692
-37 -344 -37
475 -635 84
229 888 582
706 -936 -831
981 -582 13
-204 -906 175
224 672 971
-770 42 -35
-431 745 660
838 -963 450
-48 -927 -738
611 974 -957
-856 885 923
-682 768 176
-156 45 -582
-413 -970 -210
34 -640 385
606 926 339
693 -973 427
774 577 134
899 195 -571
-111 -819 547
669 894 935
-98 718 -647
362 -857 -884
-182 -543 -201
-926 -978 -785
-889 899 -470
918 653 434
518 -393 -364
550 -731 -141
-713 84 866
-943 -733 638
472 1 186
199 -797 242
654 781 -246
223 626 -917
256 428 412
543 267 396
535 -558 -322
954 -226 -237
-629 -297 428
967 -506 588
-410 611 -831
408 -350 543
-291 -920 -976
278 881 501
-272 200 256
126 -725 -812
350 412 915
929 -591 436
-197 -260 -605
408 -90 548
-673 402 155
911 -780 953
518 -184 200
142 246 -628
-569 323 -511
641 975 234
-770 -340 -231
58 610 446
-22 -925 -399
212 -807 129
414 162 697
296 644 -40
210 23 -805
-57 588 470
770 536 -32
294 -520 729
-432 -932 -798
119 -678 -531
-206 -955 -302
-971 -46 786
229 518 -602
-36 269 -461
334 880 705
-363 -631 -820
608 -447 -448
-815 -766 -3
-4 -372 -223
321 458 810
-745 860 -810
-956 335 -594
116 127 -217
781 -369 584
-450 -811 -482
-898 903 -787
-919 222 -936
-854 -705 24
560 33 -627
-827 -772 -785
582 991 -767
-47 -990 -548
409 199 409
-740 836 44
-47 691 -74
-640 243 -27
929 845 197
-60 301 -149
775 66 281
-764 -186 -825
538 -378 415
-712 947 886
-487 35 -800
66 922 568
823 -623 -13
804 -596 707
222 147 220
22 831 -679
-663 584 -786
-546 -235 882
644 -540 98
-324 -918 -438
-269 -941 863
365 636 -895
-249 949 -843
474 131 -868
601 451 441
-983 -141 -326
366 523 -534
-734 -774 -77
16 921 696
-23 -789 392
88 -108 841
705 729 279
-524 348 672
-966 366 172
-396 -999 -996
-689 155 525
-268 550 310
657 -887 621
-677 -254 -636
-78 706 -689
-888 -711 798
-998 -645 394
783 -145 -827
-876 -60 711
937 -446 843
-518 288 -837
-199 -423 574
146 -306 757
771 650 -100
349 -639 -768
-858 -856 776
-337 -771 -486
472 216 -700
187 440 -403
575 -119 -777
-376 -616 927
185 -64 -636
-660 -608 589
-223 -784 625
-73 -322 297
721 594 -875
-852 -914 313
-829 -26 -188
-202 867 -317
830 -297 -575
-814 545 -152
-79 -309 806
-432 -336 -265
87 -207 -341
289 813 -934
316 724 -809
287 -900 -53
916 803 -524
730 -482 543
-246 766 -403
-401 488 83
19 -282 938
290 -682 -209
924 398 656
681 -791 -600
511 839 -930
-259 -811 426
252 -161 259
648 939 -319
236 -710 -861
133 -585 23
410 126 -980
839 -597 978
-609 811 514
269 -772 -638
-943 650 932
100 -592 528
636 -664 880
-913 226 150
-747 911 -58
-596 750 260
765 -663 176
274 124 -612
-296 -268 -798
114 852 -801
-262 -546 -714
244 157 496
141 594 689
-601 -292 497
-290 678 -228
-718 406 701
-869 -372 -709
954 -941 450
725 -382 -470
516 -40 -597
-818 362 -350
533 587 94
-948 -699 770
701 -55 -457
512 -274 998
323 449 -659
-670 -511 751
-519 -266 -225
362 606 231
837 -607 -176
-528 549 119
-731 -322 939
746 -50 -234
-616 471 -335
-903 552 -397
-69 -911 264
-641 558 -305
-244 258 -691
468 -749 491
-147 185 -99
-294 -286 754
923 -909 -974
646 -1 -600
-168 -605 824
-944 860 509
-322 172 -407
533 104 -578
543 -922 5
-346 972 -463
-979 348 -118
-7 732 798
-358 714 625
-146 386 993
-386 920 -313
-412 -611 81
116 819 -985
128 204 -843
66 496 -170
246 -824 350
107 240 844
85 565 -164
-165 -158 -164
999 -655 -272
-813 296 618
-66 -65 -865
147 893 -726
193 -332 574
-706 465 926
622 -26 -560
-74 107 965
568 -944 -321
-759 898 -684
-143 -92 -680
613 251 851
795 874 -968
327 -38 -59
5 822 745
124 -991 809
-469 -164 -425
-354 93 521
-411 -834 387
-897 776 -492
-822 -565 640
330 -726 538
228 -507 27
188 722 988
-176 492 633
567 -401 849
-463 -528 573
851 369 958
-40 876 48
495 50 -118
-856 584 456
-419 -833 -287
753 109 45
165 -202 974
-77 -884 -204
311 855 -437
115 384 346
693 -308 -637
-374 95 163
874 728 -839
-135 -652 -157
140 530 708
275 356 269
-989 -554 -191
658 621 813
-635 -302 -516
-979 -404 -453
-762 514 -163
934 803 -990
-194 159 -65
-741 -218 84
-246 468 -675
-505 -256 157
239 -763 794
492 552 656
-284 -59 687
609 271 -742
798 848 82
-883 -672 991
-117 288 520
399 214 335
346 951 30
-523 468 -197
-138 -507 -610
220 34 932
954 -225 -88
871 -687 953
292 -894 385
-732 729 -464
817 -592 81
971 76 -261
-135 -837 -99
382 -322 861
861 -950 -431
804 -133 525
-474 -894 489
823 359 14
485 -729 345
-135 307 -303
-178 82 120
700 365 695
-871 899 10
888 -851 739
139 647 512
468 996 -441
-982 953 -598
482 -692 -99
-694 600 846
-470 559 565
-911 850 -795
799 -564 785
-4 -812 421
-810 764 -10
-335 462 500
747 -440 825
-843 154 -27
737 58 493
223 796 -659
-105 -533 66
142 -533 331
726 341 -704
555 -131 -873
-871 149 689
-981 470 900
366 836 505
230 209 879
605 -27 871
652 929 328
806 211 365
-54 -527 -766
281 586 -185
563 148 -15
657 104 -230
593 -952 -89
-307 -797 -918
511 -971 -641
129 -783 -554
-177 -8 436
-684 -381 450
-839 282 -100
32 -862 -378
812 960 -509
319 797 -139
-509 180 114
-881 -76 808
293 126 -244
125 -990 -368
-51 -577 185
-292 -626 -752
644 -712 -896
816 832 -401
-234 -548 220
-787 -26 622
615 588 366
581 503 303
747 -767 -508
451 491 -257
276 171 -696
717 -114 -240
-552 -503 864
964 -668 868
610 607 -810
701 106 -242
-740 -691 -205
44 423 -245
864 762 -23
141 -781 -16
-925 -67 285
-127 -895 -515
788 -242 -793
668 804 65
924 -237 -870
316 568 -478
-501 -235 -660
-694 -851 439
-814 311 145
-183 -329 296
-74 -823 114
771 -3 281
218 -579 896
802 257 544
713 -706 582
489 -269 863
719 -306 -185
-373 -251 -374
-67 274 -256
52 908 821
195 993 620
926 852 -369
-219 -634 569
781 185 -764
-669 403 -683
427 92 -125
582 269 -463
-585 -497 145
-720 22 -316
-295 324 -77
-192 2 790
880 -494 -995
137 -607 115
-287 -484 -588
-571 842 -359
691 5 524
965 -312 768
396 -2 155
-111 -436 -433
-658 544 -26
400 592 -590
-757 625 690
419 467 -535
277 -544 -355
-827 -60 -997
554 -527 335
-953 -145 -222
-335 432 206
-755 834 427
838 -406 -540
-935 721 53
-860 -128 375
801 898 769
307 -796 -452
80 427 27
991 -971 376
475 590 202
346 848 -354
629 589 -162
-878 538 -253
-375 125 220
-296 703 54
-31 -765 -130
-811 457 680
825 257 729
-504 104 -290
-285 496 -270
592 482 344
-51 -75 -9
807 -554 -93
-566 50 -387
927 831 -541
-484 -185 -66
-96 -455 398
583 -320 -96
-905 152 506
458 -552 -157
265 151 176
321 14 899
-591 213 -148
535 666 -683
966 -804 285
874 -306 -975
227 -330 -321
669 -614 451
108 -369 268
-895 836 -322
450 -284 -629
430 -688 585
145 -160 -13
321 978 161
-412 -997 -652
496 -999 426
-94 914 572
772 59 -175
-982 698 968
199 791 612
486 479 -149
-342 -923 -237
551 -320 452
928 -504 -439
895 881 352
-111 -998 -751
