1000
0 0 0
0 -3 5
3 -1 0
-473 -471 220
-948 -934 110
-751 604 288
-955 -754 402
-782 826 866
268 -525 -37
292 -722 147
553 -340 592
-640 -485 -873
-125 -732 -90
840 145 -666
-318 -64 -331
644 -320 -341
-268 872 846
-172 949 316
-489 210 -769
635 -863 -237
-870 51 62
-383 494 -488
-710 -689 -692
42 381 -78
-122 -215 953
966 784 -52
-703 77 -796
246 -327 144
-345 -767 -147
675 -389 860
100 -745 -537
-395 -780 75
255 -505 779
-912 182 -112
-976 -232 -974
-309 -575 -952
-366 -843 -972
-119 535 182
-504 -194 -810
-972 972 -603
-389 -499 -774
-81 507 -294
503 753 227
-766 13 -154
766 451 -54
-507 18 -615
398 -876 797
-458 926 574
-174 -973 228
961 -763 12
801 -665 265
-631 161 777
592 818 808
-647 -263 -555
526 -655 -346
26 124 -100
-845 -571 107
-323 636 -565
392 -317 -378
-372 897 804
-112 -576 -793
-233 428 -623
329 986 -385
965 712 34
64 324 883
-730 -214 -517
860 -725 149
-277 -448 477
207 685 144
24 -813 599
252 862 -723
-306 -858 -779
343 -559 -639
-988 98 873
-453 715 -791
489 899 869
638 526 691
-219 823 -843
588 236 170
411 -646 -778
771 -776 507
-702 -609 -909
60 50 -862
847 832 -246
724 -597 515
628 852 -524
-772 -297 909
-993 -125 889
-262 769 776
696 826 -401
139 427 -61
453 -603 -513
-126 502 -892
-945 -797 -440
-395 317 193
396 -344 607
282 -236 -170
708 -442 -715
-974 337 796
348 -704 99
355 -821 -367
403 840 -370
317 -460 -459
-806 -730 -139
-944 321 579
481 -935 862
860 992 -794
925 -159 571
-450 -166 660
-368 -688 326
-430 864 -533
83 -481 -959
-111 53 -752
790 837 629
811 -527 -298
717 28 916
-804 -109 -835
758 442 -336
824 -757 -977
695 8 588
-208 -74 -429
995 505 -15
55 99 560
-318 -209 -560
-546 -1 987
-671 655 -340
-550 -862 739
-239 -100 -343
-890 -113 -826
-676 687 -992
-881 944 194
900 133 -259
881 -3 395
-827 -367 0
-806 -915 -187
-462 543 -72
-268 -273 -259
207 282 865
864 -64 68
-672 861 670
-361 -37 720
-75 843 -301
99 755 -243
809 -240 864
-62 -117 -555
952 99 40
-260 778 -926
73 -334 -904
-260 172 136
5 -128 373
842 -581 -502
242 105 -269
843 447 475
129 -155 -467
-197 975 -635
416 782 -616
549 -314 156
239 -985 17
361 -6 -67
958 -51 151
-682 482 -549
-146 582 -751
603 725 -49
-891 -835 440
973 102 507
-694 160 195
-914 -170 -152
-798 421 535
-366 222 -633
555 167 150
646 -147 139
733 -711 -16
734 -800 330
-752 -602 -107
900 -544 146
122 -726 106
-415 -853 -761
-624 -380 -97
-6 971 797
253 -7 -44
107 528 64
125 733 -807
-658 766 611
-453 -567 -51
593 -997 43
-463 83 -585
-491 440 444
-996 438 -304
551 85 -886
620 -938 -898
-674 346 -825
-54 -748 339
-380 -246 -975
654 442 746
-352 862 -485
-287 -515 -701
784 -895 -498
-449 300 984
942 36 -477
-528 426 210
-773 262 560
-207 -556 880
-415 -992 -967
699 -488 -373
359 -53 -3
226 896 -840
458 624 897
332 -700 424
234 -924 -416
153 -722 -294
-39 -255 979
134 -687 -429
555 1 -899
-974 -790 -542
-740 261 284
-124 321 575
-6 298 -833
83 82 866
-967 -281 156
-802 902 -489
444 934 -471
513 -806 -541
331 763 481
698 -96 -136
-496 -246 -807
305 -583 -862
82 -235 -764
-937 655 -556
802 823 929
492 -133 -660
896 -42 545
-151 737 -193
-957 -667 -560
732 -457 255
-915 -223 601
-226 -279 -868
43 145 -571
-560 984 -509
-524 774 -713
728 -293 201
749 -678 -837
-386 -293 196
-27 328 -918
180 329 -354
-848 -778 -868
382 55 467
541 180 830
-531 -717 -283
273 -257 -964
-401 -137 -434
-361 771 -135
997 -129 -84
-923 402 -392
-363 -201 -656
150 -754 99
-923 407 518
392 670 948
384 -218 -866
355 -147 642
828 982 -807
-800 -720 -604
-679 -735 698
920 371 416
-735 826 764
343 -879 -797
10 -610 510
393 -919 999
443 -32 263
-306 694 205
-534 -474 278
781 -522 -834
-539 -805 528
937 -502 933
762 -497 -150
-348 955 -823
-980 82 305
-865 -866 150
-666 911 -323
821 501 498
-668 -869 830
466 -342 417
792 177 -290
836 968 345
347 -510 300
-735 316 530
359 -314 -414
-321 125 -313
362 579 -811
789 0 556
-656 869 285
907 24 -986
-778 901 -350
-546 -432 -174
104 176 532
354 60 -536
153 -773 -653
-943 -740 805
-639 -294 -41
54 -260 721
960 340 -611
293 -419 787
-772 -615 -522
903 819 158
-331 818 -126
-587 761 850
-708 396 -346
115 -862 111
-181 594 -96
743 -124 339
51 -782 421
-850 -819 -975
718 -112 509
-37 341 380
235 793 51
76 -739 72
-463 229 -59
315 548 -62
-628 610 -883
-676 -223 546
-36 -643 -388
-742 -937 887
-28 93 -958
544 -658 529
-400 421 544
-734 630 -326
383 -474 -450
857 -14 555
-751 -701 -413
-755 606 -198
588 554 -157
813 -754 -289
-60 496 289
968 -866 571
-836 -836 -566
874 328 -722
-394 -295 139
247 -869 499
-9 43 729
611 243 -260
946 435 -330
630 579 543
-270 913 -910
425 120 460
333 609 269
185 917 -901
960 256 969
-99 -738 -529
-326 657 135
156 52 154
841 54 -751
7 490 -485
-870 903 -395
822 -793 -911
766 975 392
171 -609 997
-251 -417 238
389 -234 657
-158 462 -703
36 800 999
732 -731 609
-864 131 -359
-816 910 -125
-977 -336 -649
896 537 -288
472 392 846
32 660 598
-912 435 -670
-140 956 -518
-233 900 249
-411 461 48
380 876 102
-935 -20 184
-801 -873 17
136 282 136
643 104 -657
347 -888 -786
-594 -756 179
635 -720 819
913 -846 647
-868 -375 745
3 -586 -955
365 123 -896
-695 11 740
-731 611 -164
730 225 94
-866 -365 -861
-214 123 608
-286 -982 950
-162 738 820
788 291 -860
78 700 -933
604 808 295
128 -407 -746
542 -201 145
728 533 -107
777 195 -36
-882 468 801
641 71 6
191 -898 54
262 -43 37
-773 64 974
503 948 -189
-63 -780 233
955 49 -945
624 844 440
-182 777 310
246 657 -826
-476 -233 -274
732 360 -363
903 -827 931
795 -579 450
601 -777 -903
56 247 21
-237 373 -938
-992 403 -275
512 984 961
626 633 -78
-663 895 -14
-135 -143 836
187 -328 -202
-686 -974 -876
-160 -486 284
274 72 601
112 -357 467
558 -851 982
567 407 -827
-748 910 562
814 403 -303
240 -610 16
270 -369 745
-598 -764 -568
-387 -735 467
863 316 500
163 -12 -113
-372 -87 -383
-738 -243 409
-627 110 -484
-568 788 812
-632 -103 -122
934 590 524
275 903 162
-324 -820 985
248 553 576
903 106 757
348 795 571
-2 646 -152
819 977 947
-973 933 -631
872 226 -210
-880 945 76
29 609 397
-642 -142 901
811 -487 306
-615 738 -470
621 -9 -659
897 -38 -91
-129 915 -690
914 -211 -626
-452 238 -254
-568 684 370
872 -891 -823
637 -378 -664
549 -563 -377
767 200 -769
-792 -220 -57
-366 469 273
649 738 -392
-875 747 -686
183 207 131
-288 -768 -662
198 36 -716
988 507 -354
40 179 -224
-756 222 -828
-996 437 248
80 -337 -289
376 652 -765
-263 -405 272
-469 -720 -688
-6 99 529
576 719 675
882 529 -638
583 985 952
-193 833 206
575 -383 313
38 887 219
828 -461 558
-894 637 988
488 329 -151
897 -532 515
-990 745 -339
-619 -839 -483
-669 916 358
-857 -572 -347
996 255 891
765 -220 575
211 436 -379
-499 11 232
-990 4 491
-307 -988 658
-942 -846 41
-435 827 -628
175 999 -571
-162 -93 -239
-12 -296 323
94 93 563
186 518 -693
-758 -765 232
-935 -418 -13
-51 307 85
-323 -413 -188
407 218 -599
-905 -34 458
759 -397 -376
606 -877 68
158 -72 741
-683 56 193
991 -635 -461
-110 -888 231
-371 -4 -3
-987 -700 -16
875 523 647
-623 -622 -37
411 862 661
-441 482 -915
912 -378 651
132 150 -106
6 -414 -571
-982 281 514
-387 -610 -426
325 810 -220
765 763 487
-806 -607 -477
-388 406 526
655 -683 983
622 481 696
-580 159 859
-658 -551 10
650 -107 129
-949 501 173
-364 -930 953
479 292 -524
771 -282 747
962 10 -25
-38 -482 275
-743 72 46
-580 -34 -103
818 66 7
100 897 -630
81 -324 -791
415 682 5
871 -590 365
-423 504 -810
930 526 85
-141 -762 -819
-369 -85 318
-734 798 598
-830 57 -339
-988 902 746
262 924 -774
-677 -693 -3
818 105 -231
-703 7 462
245 535 472
814 328 994
108 644 471
650 -474 -682
-52 935 559
951 -768 -717
343 -105 660
-554 -166 -637
148 622 -959
41 504 771
-898 677 238
899 374 -574
778 -614 -533
247 -640 475
270 933 497
-722 -53 618
105 -77 -978
-210 -260 -139
-14 901 -989
866 440 -357
379 -394 422
534 -777 -34
-9 -63 -404
-532 -595 9
-142 -917 129
-388 -343 -74
273 -404 -508
202 -134 -268
324 -803 279
-136 -403 -633
-39 817 -977
151 -78 112
460 -646 650
-115 -480 950
144 627 -793
250 526 -905
824 429 811
148 314 -68
-836 -760 -479
951 -62 -916
579 441 -414
296 867 364
395 560 -865
57 -938 3
543 -988 -722
-579 -742 681
200 -781 -301
-377 708 976
-127 398 806
247 -181 510
-480 456 -752
365 831 -769
16 292 -947
-181 74 -379
124 270 326
-93 693 283
788 348 -353
-270 594 999
804 -336 -711
182 582 -203
-901 818 -86
471 -521 787
-463 -830 -659
530 -549 -205
987 282 -971
514 793 -628
-85 -662 928
-637 -156 316
-234 807 739
-20 29 528
-662 -696 -77
169 967 -88
931 -698 -660
-993 -146 -759
864 -248 -780
-419 282 489
-482 -440 747
875 539 555
514 95 255
684 -552 -460
-860 389 -738
644 291 -574
9 945 61
-446 492 422
835 352 21
672 -513 -423
587 -497 -713
-358 -468 -176
-723 -555 784
240 -220 -66
104 105 668
-65 484 -940
752 753 -259
205 -613 -832
-868 -445 -346
404 194 431
-363 -331 678
44 181 -774
691 493 -642
-164 62 279
-173 143 640
181 369 -73
700 875 -829
747 421 282
-904 -142 980
-701 776 -319
814 955 -690
-583 793 -898
-711 869 810
-370 949 -786
787 -74 703
-720 734 909
-403 170 964
-206 -875 729
648 -26 29
-207 704 -133
-295 -705 -992
528 -91 -488
-758 -583 474
536 50 -125
30 831 272
-599 657 -754
648 -20 -601
-970 -470 -954
-147 481 -236
297 506 528
11 664 -842
194 800 -114
-259 636 294
531 412 -635
-798 172 486
-377 503 371
-622 -658 -499
-309 -494 -706
131 194 40
574 390 261
-808 164 744
955 -404 30
-455 -301 -519
715 -520 -290
329 821 993
-309 459 -874
319 822 181
5 -616 -136
686 330 490
-13 -68 -628
-455 -126 395
622 -321 -879
431 424 553
-647 -668 -527
566 706 -109
-636 -421 -823
-959 514 468
-388 895 -517
817 -872 357
156 713 -848
720 935 749
-423 -404 -460
-179 523 7
-37 920 -105
-35 -28 136
-88 128 -259
-285 -676 -766
-553 -23 237
930 -279 633
90 972 757
-579 885 45
-644 -375 -947
152 -352 -899
-202 -631 -792
703 -497 -605
-360 -263 -459
871 13 203
-343 593 821
-396 672 781
-561 382 -514
-357 -504 -620
-780 -844 -468
812 -944 -188
147 -481 -61
730 551 873
386 -513 -515
-558 -665 884
-133 -866 566
-168 -368 -322
-964 559 -315
-538 -87 305
-676 430 341
524 944 -512
-613 -796 497
91 768 -474
-476 -158 510
584 -355 -585
-621 -36 506
-142 989 106
-667 209 -583
-674 -202 993
838 -566 41
773 -327 -981
814 753 252
-29 -369 866
-687 397 -232
130 951 125
-53 -731 -451
311 382 360
257 172 803
763 427 259
355 483 584
-202 -240 37
775 954 812
187 -323 749
-157 639 -393
-92 631 608
-244 -789 -448
50 -230 480
-135 766 -212
453 890 -992
-109 415 276
869 232 916
-938 695 -568
-568 475 398
968 -329 87
-464 -872 -378
-297 -337 162
-622 454 -324
-709 149 318
243 288 980
-158 34 -135
589 -134 731
243 996 -186
-855 878 -84
182 -16 650
-140 715 -831
-578 -904 656
-325 -635 -682
-49 395 668
-251 -317 851
-677 -930 -867
-871 425 -894
121 -448 -447
-211 838 862
-397 -717 816
-375 -287 -685
-973 -749 -19
900 -688 779
-673 -679 170
-288 583 546
-779 929 736
428 -671 -67
185 -552 906
-991 10 -196
502 -806 -728
153 287 616
-896 678 -175
230 290 227
698 -443 -509
134 -523 408
-100 -79 343
-988 -33 -836
-946 901 177
827 902 -146
970 470 -391
-956 -853 432
-817 750 -946
-793 -92 -249
957 356 -31
903 98 -755
493 269 710
902 418 -960
596 495 389
-627 -396 945
-315 -43 916
495 742 727
277 -666 764
704 697 -43
-583 -92 -273
187 494 93
472 -522 -154
501 -359 641
-70 452 211
636 -954 667
-694 493 555
657 -99 199
68 -640 -128
466 944 -277
866 550 -94
-744 -241 -542
-820 -361 -421
520 253 720
10 -115 -626
-380 705 -418
-532 -160 622
-360 214 -73
320 -992 345
-546 -784 801
225 808 333
-67 -631 137
-114 -723 59
529 425 37
946 -334 -543
-470 -654 -997
-69 -108 -100
312 -175 -824
-966 783 -871
-706 -960 878
-208 -925 368
-869 383 -978
-592 235 -366
71 -351 896
-928 13 -531
797 700 -225
-692 -123 -863
861 -93 807
204 -854 -110
530 397 -543
533 671 786
710 -78 527
502 -168 160
134 612 319
-580 -421 -307
772 -62 707
-357 4 636
-966 504 -114
-822 -972 698
505 845 451
-444 -88 -55
-311 938 -71
-789 300 788
454 -806 -384
56 -564 726
-830 342 -756
408 -13 760
-141 999 546
-414 -711 466
-841 145 -493
-609 578 900
151 721 -173
270 -68 85
-81 37 -500
-997 959 841
547 -947 -421
-597 449 -225
814 533 -211
920 759 216
-823 -750 -510
-496 605 838
-10 532 383
463 -908 686
872 -657 697
-935 601 -818
41 -512 -752
953 -873 45
415 -884 -919
-561 -359 -645
-978 355 -243
-135 747 218
247 -920 369
135 -186 112
-158 -868 925
-284 -892 475
168 -638 886
-213 293 -667
272 -124 940
-117 147 964
430 -728 -613
-123 -781 602
983 -801 -399
-579 -639 -380
524 -354 -712
-444 80 497
389 -687 726
74 -629 -557
577 346 -400
595 26 977
-912 -424 -268
-177 -883 232
-938 461 -90
-390 592 637
7 -46 452
-914 882 339
-708 452 637
346 885 -534
751 -367 703
-108 -849 528
-814 -271 -24
-732 -817 249
288 -408 397
659 -186 296
-65 100 -596
721 122 -268
102 -273 431
-510 -207 -447
667 165 -216
-801 -219 -473
642 596 784
727 120 382
721 708 125
651 -669 329
-208 788 392
698 -487 -811
736 -224 812
-937 413 477
-184 140 -897
960 -728 717
342 -928 148
-360 -865 -464
388 -925 -66
849 -556 146
-400 -243 421
442 -611 -42
889 -853 -927
-487 144 414
407 872 -530
140 -417 -507
195 -488 -727
58 -660 26
216 487 -10
690 52 -69
73 -143 -240
476 -972 -499
873 972 285
671 -686 685
491 -950 -805
-101 -410 -709
-1 260 129
-957 -951 532
824 -684 422
-125 -51 -175
-532 -516 -643
512 -145 26
860 -977 440
-65 924 -385
-597 -960 915
489 174 420
-717 -457 -167
-973 -83 492
-85 313 -912
